Number	Component	Unique#	Volume (mm^3)	Aspect Ratio	Max Axis X	Max Axis Y	Max Axis Z	Max Axis Length (mm)	Min Axis X	Min Axis Y	Min Axis Z	Min Axis Length (mm)	PEllipsoid X (mm)	PEllipsoid Y (mm)	PEllipsoid Z (mm)	PEllipsoid Rad1 (mm)	PEllipsoid Rad2 (mm)	PEllipsoid Rad3 (mm)	PEllipsoid X1 (dmls)	PEllipsoid Y1 (dmls)	PEllipsoid Z1 (dmls)	PEllipsoid X2 (dmls)	PEllipsoid Y2 (dmls)	PEllipsoid Z2 (dmls)	PEllipsoid X3 (dmls)	PEllipsoid Y3 (dmls)	PEllipsoid Z3 (dmls) 
1	Pyroxene-Amphibole	1295	     0.121545	     0.000000	  0.00000	  0.00000	  0.00000	     0.000000	  0.00000	  0.00000	  0.00000	     0.000000	     -14.1800	     -12.7910	     0.290285	     0.392259	     0.313786	     0.253382	    -0.202542	     0.598159	     0.775359	     0.317910	    -0.708723	     0.629798	    -0.926234	    -0.374055	    0.0466143 
2	Pyroxene-Amphibole	1380	      11245.3	     0.000000	  0.00000	  0.00000	  0.00000	     0.000000	  0.00000	  0.00000	  0.00000	     0.000000	     0.162457	     0.292351	      17.7788	      21.2988	      15.7421	      15.0396	     0.112517	    0.0722969	     0.991016	    -0.993075	    0.0420883	     0.109680	   -0.0337806	    -0.996495	    0.0765319 
3	Pyroxene-Amphibole	89448	     0.111378	     0.000000	  0.00000	  0.00000	  0.00000	     0.000000	  0.00000	  0.00000	  0.00000	     0.000000	     -1.12283	     -6.66180	     0.164272	     0.543367	     0.260652	     0.209146	     0.911668	    -0.408309	    0.0463148	    -0.410039	    -0.911308	    0.0372324	   -0.0270047	    0.0529345	     0.998233 
4	Pyroxene-Amphibole	153913	     0.101761	     0.000000	  0.00000	  0.00000	  0.00000	     0.000000	  0.00000	  0.00000	  0.00000	     0.000000	     -7.07046	     -2.39447	     0.314042	     0.444953	     0.283620	     0.233123	    -0.751568	   -0.0347435	     0.658740	     0.659263	   -0.0740002	     0.748262	    0.0227497	     0.996653	    0.0785213 
5	Pyroxene-Amphibole	157800	      1.13760	     0.000000	  0.00000	  0.00000	  0.00000	     0.000000	  0.00000	  0.00000	  0.00000	     0.000000	     -5.93670	     -1.56435	     0.354164	     0.948302	     0.742966	     0.444898	     0.919571	    -0.390117	    0.0468860	     0.357907	     0.880878	     0.309770	    -0.162147	    -0.268074	     0.949655 
6	Pyroxene-Amphibole	161099	     0.659018	     0.000000	  0.00000	  0.00000	  0.00000	     0.000000	  0.00000	  0.00000	  0.00000	     0.000000	     -2.64313	     -1.56014	     0.344744	      1.51048	     0.484429	     0.387433	    -0.998030	    0.0398981	    0.0484131	    0.0604334	     0.818554	     0.571241	    0.0168373	    -0.573042	     0.819353 
7	Pyroxene-Amphibole	178558	     0.280277	     0.000000	  0.00000	  0.00000	  0.00000	     0.000000	  0.00000	  0.00000	  0.00000	     0.000000	     -2.45088	    -0.406732	     0.272222	     0.569007	     0.386338	     0.344475	     0.696654	     0.717213	    0.0166613	    -0.532155	     0.501047	     0.682468	     0.481127	    -0.484311	     0.730725 
8	Pyroxene-Amphibole	197827	      1.93089	     0.000000	  0.00000	  0.00000	  0.00000	     0.000000	  0.00000	  0.00000	  0.00000	     0.000000	     -7.55073	      1.79597	     0.368945	      1.39628	      1.09337	     0.566287	     0.720226	    -0.671820	     0.173008	     0.652156	     0.740706	     0.161391	    -0.236574	  -0.00341005	     0.971608 
9	Pyroxene-Amphibole	208652	      4.63062	     0.000000	  0.00000	  0.00000	  0.00000	     0.000000	  0.00000	  0.00000	  0.00000	     0.000000	      13.9284	      3.16874	      1.62512	      2.58293	      1.13961	     0.761672	    0.0853863	     0.618317	     0.781277	     0.439007	    -0.727267	     0.527593	    -0.894417	    -0.297936	     0.333544 
10	Pyroxene-Amphibole	216286	    0.0859151	     0.000000	  0.00000	  0.00000	  0.00000	     0.000000	  0.00000	  0.00000	  0.00000	     0.000000	      8.85608	      2.00947	     0.231050	     0.332041	     0.295190	     0.221962	     0.802961	    -0.351333	     0.481475	    -0.152133	     0.660237	     0.735488	    -0.576289	    -0.663817	     0.476696 
11	Pyroxene-Amphibole	283447	    0.0390190	     0.000000	  0.00000	  0.00000	  0.00000	     0.000000	  0.00000	  0.00000	  0.00000	     0.000000	      8.03917	      6.66020	     0.140372	     0.288570	     0.215514	     0.188779	     0.922423	     0.386180	 5.70314e-006	    -0.351122	     0.838677	     0.416334	     0.160775	    -0.384038	     0.909212 
12	Pyroxene-Amphibole	285354	     0.306748	     0.000000	  0.00000	  0.00000	  0.00000	     0.000000	  0.00000	  0.00000	  0.00000	     0.000000	      6.50078	      6.96961	     0.231833	     0.551489	     0.473707	     0.298005	    -0.964652	     0.262436	    0.0239560	     0.263503	     0.961807	    0.0741236	   0.00358834	   -0.0778159	     0.996961 
13	Pyroxene-Amphibole	298071	     0.368849	     0.000000	  0.00000	  0.00000	  0.00000	     0.000000	  0.00000	  0.00000	  0.00000	     0.000000	     -2.38594	      7.71644	     0.563200	     0.648546	     0.413664	     0.378510	     0.558644	   0.00608900	     0.829386	    -0.757954	     0.409791	     0.507521	    -0.336785	    -0.912159	     0.233542 
14	Pyroxene-Amphibole	306301	     0.160106	     0.000000	  0.00000	  0.00000	  0.00000	     0.000000	  0.00000	  0.00000	  0.00000	     0.000000	     -10.1248	      8.33935	     0.200161	     0.514012	     0.332646	     0.240145	     0.978936	    -0.161030	     0.125516	     0.127616	     0.962476	     0.239487	    -0.159371	    -0.218425	     0.962752 
15	Pyroxene-Amphibole	308779	      12.7860	     0.000000	  0.00000	  0.00000	  0.00000	     0.000000	  0.00000	  0.00000	  0.00000	     0.000000	      13.0494	      11.2328	     0.897304	      2.59379	      1.91517	      1.00440	    -0.427444	     0.897868	     0.105474	     0.874700	     0.381263	     0.299231	    -0.228457	    -0.220163	     0.948333 
16	Pyroxene-Amphibole	310204	     0.607268	     0.000000	  0.00000	  0.00000	  0.00000	     0.000000	  0.00000	  0.00000	  0.00000	     0.000000	     -8.88350	      8.81992	     0.377931	     0.807928	     0.531301	     0.480368	    -0.291086	     0.740017	     0.606336	     0.900833	  -0.00139004	     0.434163	    -0.322131	    -0.672587	     0.666227 
17	Pyroxene-Amphibole	336861	    0.0681459	     0.000000	  0.00000	  0.00000	  0.00000	     0.000000	  0.00000	  0.00000	  0.00000	     0.000000	     -1.10115	      10.3083	     0.187662	     0.340545	     0.244314	     0.208826	    -0.992258	     0.120518	    0.0299982	     0.101349	     0.646142	     0.756458	   -0.0717839	    -0.753641	     0.653354 
18	Pyroxene-Amphibole	338882	     0.964026	     0.000000	  0.00000	  0.00000	  0.00000	     0.000000	  0.00000	  0.00000	  0.00000	     0.000000	      2.28075	      10.8940	     0.232168	      1.37037	     0.640002	     0.319482	     0.989193	    -0.144327	    0.0258079	     0.144020	     0.989484	    0.0133910	   -0.0274692	  -0.00952942	     0.999577 
19	Pyroxene-Amphibole	353133	     0.955599	     0.000000	  0.00000	  0.00000	  0.00000	     0.000000	  0.00000	  0.00000	  0.00000	     0.000000	      5.03339	      11.8233	     0.320489	      1.67426	     0.543888	     0.368401	     0.968467	     0.225462	     0.106009	     0.225183	    -0.974205	    0.0147588	    -0.106602	  -0.00957790	     0.994256 
20	Pyroxene-Amphibole	359489	    0.0652149	     0.000000	  0.00000	  0.00000	  0.00000	     0.000000	  0.00000	  0.00000	  0.00000	     0.000000	    -0.308826	      11.8472	     0.243370	     0.321493	     0.250140	     0.208067	     0.874139	    -0.133288	     0.467028	    -0.421508	     0.269501	     0.865852	    -0.241272	    -0.953731	     0.179400 
21	Pyroxene-Amphibole	363343	     0.249960	     0.000000	  0.00000	  0.00000	  0.00000	     0.000000	  0.00000	  0.00000	  0.00000	     0.000000	     -1.25942	      12.2763	     0.372361	     0.553937	     0.418190	     0.343972	   -0.0541850	    -0.403633	     0.913315	     0.893140	     0.389406	     0.225084	    -0.446502	     0.827914	     0.339401 
22	Pyroxene-Amphibole	366181	     0.174670	     0.000000	  0.00000	  0.00000	  0.00000	     0.000000	  0.00000	  0.00000	  0.00000	     0.000000	      9.93986	      12.4538	     0.246897	     0.469158	     0.328805	     0.288455	    -0.849443	     0.485075	     0.207724	     0.355166	     0.234432	     0.904930	    -0.390262	    -0.842463	     0.371418 
23	Pyroxene-Amphibole	747535	     0.243182	      2.48171	  0.72621	 -0.24408	  0.64269	      1.31643	  0.21208	  0.96880	  0.12829	     0.530454	     -9.02753	      12.3805	     0.529318	     0.658215	     0.372660	     0.265227	     0.726207	    -0.244080	     0.642688	    -0.653947	    0.0431340	     0.755310	     0.212078	     0.968795	     0.128291 
24	Pyroxene-Amphibole	1474220	    0.0304092	      1.13845	  0.72185	  0.05368	  0.68996	     0.416533	 -0.63156	 -0.35654	  0.68849	     0.365877	     -12.1766	      10.2516	     0.326753	     0.208267	     0.197306	     0.182939	     0.721851	    0.0536751	     0.689963	    -0.282952	     0.932738	     0.223467	    -0.631560	    -0.356537	     0.688486 
25	Pyroxene-Amphibole	2014364	     0.266813	      1.81002	  0.82952	  0.14014	  0.54060	      1.10149	  0.09053	 -0.98894	  0.11746	     0.608550	     -8.08838	     -4.82286	     0.710105	     0.550745	     0.427804	     0.304275	     0.829524	     0.140145	     0.540600	    -0.551085	    0.0485005	     0.833039	    0.0905268	    -0.988942	     0.117464 
26	Pyroxene-Amphibole	2502557	     0.399716	      1.46558	  0.15313	  0.60747	  0.77944	      1.13215	 -0.62248	 -0.55330	  0.55352	     0.772492	      12.3542	      2.72485	     0.788437	     0.566076	     0.476621	     0.386246	     0.153134	     0.607471	     0.779441	     0.767511	    -0.569946	     0.293408	    -0.622476	    -0.553299	     0.553519 
27	Pyroxene-Amphibole	3133181	    0.0888461	      2.06694	  0.92992	  0.00207	  0.36777	     0.859307	 -0.36000	  0.20959	  0.90910	     0.415739	     -10.5115	     -6.11009	     0.611791	     0.429653	     0.249310	     0.207869	     0.929916	   0.00206615	     0.367766	   -0.0752036	    -0.977786	     0.195649	    -0.360000	     0.209595	     0.909104 
28	Pyroxene-Amphibole	3654641	     0.112203	      1.58370	  0.91855	 -0.38221	  0.10087	     0.742129	 -0.11789	 -0.02131	  0.99280	     0.468605	     -4.49271	      3.80666	     0.632222	     0.371065	     0.323908	     0.234303	     0.918552	    -0.382215	     0.100869	     0.377313	     0.923828	    0.0646310	    -0.117889	   -0.0213076	     0.992798 
29	Pyroxene-Amphibole	4333172	     0.151771	      1.84060	 -0.76824	  0.53311	  0.35440	     0.876800	 -0.45724	 -0.84443	  0.27907	     0.476366	      5.76267	     -1.76592	     0.841315	     0.438400	     0.374862	     0.238183	    -0.768242	     0.533109	     0.354399	     0.448040	    0.0523528	     0.892479	    -0.457235	    -0.844425	     0.279074 
30	Pyroxene-Amphibole	4859389	    0.0685123	      1.85982	  0.97632	 -0.19741	  0.08847	     0.736429	 -0.21596	 -0.86571	  0.45155	     0.395968	     -6.38217	      8.37069	     0.751290	     0.368215	     0.234802	     0.197984	     0.976321	    -0.197412	    0.0884670	    0.0125553	     0.459967	     0.887847	    -0.215964	    -0.865713	     0.451554 
31	Pyroxene-Amphibole	5303728	    0.0570630	     0.000000	  0.00000	  0.00000	  0.00000	     0.000000	  0.00000	  0.00000	  0.00000	     0.000000	     -11.2406	      12.8766	     0.815617	     0.297078	     0.231889	     0.216359	     0.753387	     0.343454	     0.560756	    -0.128657	    -0.759290	     0.637907	    -0.644869	     0.552736	     0.527851 
32	Pyroxene-Amphibole	5456119	    0.0353553	     0.000000	  0.00000	  0.00000	  0.00000	     0.000000	  0.00000	  0.00000	  0.00000	     0.000000	     -14.2153	     -2.76390	     0.821926	     0.229611	     0.205802	     0.184600	    0.0154110	     0.835210	     0.549715	    -0.613322	    -0.426308	     0.664904	     0.789682	    -0.347400	     0.505683 
33	Pyroxene-Amphibole	5484050	     0.222940	      1.54052	  0.50612	  0.62884	  0.59026	     0.986330	 -0.00563	 -0.68197	  0.73136	     0.640258	     -7.32509	    -0.876169	      1.05827	     0.493165	     0.355360	     0.320129	     0.506116	     0.628837	     0.590263	    -0.862447	     0.373477	     0.341613	  -0.00563098	    -0.681966	     0.731362 
34	Pyroxene-Amphibole	5737279	     0.682191	      1.99074	  0.93590	  0.01907	  0.35175	      1.69220	 -0.07446	  0.98668	  0.14461	     0.850036	     -7.01427	     -9.44020	      1.19604	     0.846102	     0.661139	     0.425018	     0.935900	    0.0190735	     0.351748	    -0.344306	    -0.161529	     0.924858	   -0.0744580	     0.986684	     0.144608 
35	Pyroxene-Amphibole	5808425	     0.165693	      1.49104	  0.99412	 -0.06536	  0.08639	     0.879692	 -0.10361	 -0.80647	  0.58212	     0.589986	     -3.53475	     -4.56184	     0.973925	     0.439846	     0.334502	     0.294993	     0.994115	   -0.0653603	    0.0863857	   -0.0316203	     0.587645	     0.808501	    -0.103608	    -0.806475	     0.582120 
36	Pyroxene-Amphibole	5820070	     0.117607	      1.35856	 -0.85001	  0.47451	  0.22873	     0.702486	  0.02529	 -0.39695	  0.91749	     0.517082	     -2.83990	     -3.90096	     0.981536	     0.351243	     0.325245	     0.258541	    -0.850015	     0.474508	     0.228728	     0.526151	     0.785665	     0.325415	    0.0252918	    -0.396953	     0.917490 
37	Pyroxene-Amphibole	5985695	     0.416294	      2.58327	  0.77572	 -0.15885	  0.61075	      1.70807	 -0.58036	  0.20055	  0.78928	     0.661205	      8.71467	      7.51306	      1.21468	     0.854035	     0.392317	     0.330602	     0.775724	    -0.158848	     0.610753	    -0.247863	    -0.966719	    0.0633829	    -0.580359	     0.200551	     0.789280 
38	Pyroxene-Amphibole	7783130	     0.325433	      1.72079	  0.58907	  0.74358	  0.31636	      1.18049	 -0.05896	 -0.35090	  0.93455	     0.686018	     -8.81891	      1.00650	      1.29577	     0.590247	     0.409308	     0.343009	     0.589071	     0.743580	     0.316361	    -0.805928	     0.569171	     0.162866	   -0.0589599	    -0.350904	     0.934553 
39	Pyroxene-Amphibole	8467388	     0.293833	      2.25824	  0.63167	 -0.13112	  0.76407	      1.37817	 -0.33714	 -0.93397	  0.11844	     0.610286	     -2.07656	     -4.40258	      1.52177	     0.689086	     0.423525	     0.305143	     0.631671	    -0.131119	     0.764067	    -0.698089	     0.332414	     0.634171	    -0.337139	    -0.933975	     0.118443 
40	Pyroxene-Amphibole	8491825	    0.0784960	      1.26541	  0.68620	  0.39926	  0.60804	     0.616893	 -0.70397	  0.15403	  0.69333	     0.487505	     -7.36626	     -2.67664	      1.27357	     0.308447	     0.259038	     0.243752	     0.686205	     0.399260	     0.608041	     0.183163	    -0.903807	     0.386761	    -0.703970	     0.154026	     0.693327 
41	Pyroxene-Amphibole	9392197	     0.602871	     0.000000	  0.00000	  0.00000	  0.00000	     0.000000	  0.00000	  0.00000	  0.00000	     0.000000	     -14.0090	      7.33029	      1.75778	     0.813372	     0.569995	     0.439735	     0.576690	    -0.165878	     0.799946	    -0.690973	     0.423381	     0.585923	    -0.435873	    -0.890636	     0.129543 
42	Pyroxene-Amphibole	9603589	    0.0487280	      1.67916	  0.98338	  0.14975	  0.10264	     0.645907	 -0.07791	 -0.16259	  0.98361	     0.384661	     -7.37844	     -4.42192	      1.34658	     0.322953	     0.208712	     0.192331	     0.983382	     0.149745	     0.102642	    -0.163980	     0.975265	     0.148217	   -0.0779081	    -0.162586	     0.983614 
43	Pyroxene-Amphibole	10097196	    0.0325158	      1.18425	 -0.97419	 -0.13546	  0.18058	     0.432682	  0.19927	 -0.14018	  0.96987	     0.365363	     -4.70217	      3.46934	      1.35963	     0.216341	     0.203737	     0.182681	    -0.974188	    -0.135460	     0.180579	    -0.106065	     0.980817	     0.163550	     0.199270	    -0.140175	     0.969867 
44	Pyroxene-Amphibole	10341163	  0.000732751	      2.96502	  0.46060	  0.77644	  0.43011	     0.181344	  0.69375	 -0.61718	  0.37121	    0.0611611	      14.2414	     -5.98236	      1.30972	    0.0906719	    0.0661545	    0.0305806	     0.460599	     0.776437	     0.430110	    -0.553674	    -0.127413	     0.822928	     0.693754	    -0.617180	     0.371207 
45	Pyroxene-Amphibole	10401249	    0.0980055	     0.000000	  0.00000	  0.00000	  0.00000	     0.000000	  0.00000	  0.00000	  0.00000	     0.000000	     -14.1764	     -1.70636	      1.52733	     0.367627	     0.279189	     0.263330	    -0.394678	     0.299574	     0.868611	     0.313787	    -0.844572	     0.433862	     0.863578	     0.443795	     0.239331 
46	Pyroxene-Amphibole	11034963	    0.0791371	     0.000000	  0.00000	  0.00000	  0.00000	     0.000000	  0.00000	  0.00000	  0.00000	     0.000000	      14.1633	     -10.2970	      1.55538	     0.312287	     0.277814	     0.223926	     0.341059	     0.926396	     0.159588	     0.671308	    -0.358864	     0.648508	    -0.658046	     0.114047	     0.744291 
47	Pyroxene-Amphibole	11101681	     0.218543	      1.85710	 -0.27904	  0.66404	  0.69368	      1.05573	  0.07259	 -0.70572	  0.70476	     0.568482	     -6.57447	     -5.49525	      1.65090	     0.527863	     0.404091	     0.284241	    -0.279040	     0.664038	     0.693679	     0.957532	     0.247012	     0.148720	    0.0725914	    -0.705719	     0.704764 
48	Pyroxene-Amphibole	11361623	     0.129972	      2.47680	  0.87378	  0.14091	  0.46546	      1.09688	 -0.19229	 -0.77901	  0.59680	     0.442861	      4.68823	      12.2670	      1.67808	     0.548440	     0.281238	     0.221431	     0.873783	     0.140906	     0.465455	    -0.446685	     0.610980	     0.653587	    -0.192289	    -0.779005	     0.596805 
49	Pyroxene-Amphibole	11806673	     0.185936	      2.54239	  0.89345	 -0.23136	  0.38499	      1.29113	  0.12804	  0.95276	  0.27540	     0.507842	      2.89578	     -9.54905	      1.74508	     0.645566	     0.311696	     0.253921	     0.893453	    -0.231355	     0.384988	    -0.430518	    -0.196763	     0.880874	     0.128044	     0.952764	     0.275401 
50	Pyroxene-Amphibole	11926097	    0.0327906	      1.29678	  0.89468	  0.44670	  0.00063	     0.476512	 -0.44644	  0.89410	  0.03590	     0.367456	     -1.31697	     -1.18305	      1.58546	     0.238256	     0.184232	     0.183728	     0.894682	     0.446704	  0.000632614	    0.0154731	   -0.0324056	     0.999355	    -0.446436	     0.894095	    0.0359045 
51	Pyroxene-Amphibole	12059491	    0.0437819	      1.31921	  0.94459	 -0.21122	  0.25128	     0.500820	 -0.30564	 -0.28668	  0.90797	     0.379636	      12.8963	      8.01778	      1.61707	     0.250410	     0.229357	     0.189818	     0.944589	    -0.211216	     0.251276	     0.119742	     0.934454	     0.335348	    -0.305636	    -0.286678	     0.907966 
52	Pyroxene-Amphibole	12124144	     0.311786	      2.12044	 -0.99745	  0.06777	  0.02254	      1.24860	 -0.06497	 -0.99204	  0.10785	     0.588842	     -13.5185	      12.5182	      1.93839	     0.624302	     0.491677	     0.294421	    -0.997446	    0.0677704	    0.0225356	    0.0296653	     0.106109	     0.993912	   -0.0649665	    -0.992042	     0.107849 
53	Pyroxene-Amphibole	13439844	     0.289620	      3.35520	  0.86351	 -0.50210	  0.04735	      1.70627	 -0.41131	 -0.64679	  0.64226	     0.508544	      6.58446	     -1.43084	      1.99534	     0.853135	     0.433158	     0.254272	     0.863510	    -0.502103	    0.0473547	     0.291850	     0.574073	     0.765025	    -0.411306	    -0.646787	     0.642257 
54	Pyroxene-Amphibole	13603323	     0.295482	      2.03117	  0.89171	 -0.17104	  0.41905	      1.31676	 -0.36361	  0.28063	  0.88828	     0.648275	      8.32117	      9.87406	      2.02278	     0.658378	     0.369110	     0.324138	     0.891709	    -0.171037	     0.419047	    -0.269524	    -0.944455	     0.188046	    -0.363609	     0.280626	     0.888278 
55	Pyroxene-Amphibole	13747715	    0.0325158	      1.22008	 -0.62613	 -0.51362	  0.58665	     0.449982	 -0.07313	  0.78775	  0.61163	     0.368815	     -5.93818	     -6.35808	      1.83842	     0.224991	     0.192594	     0.184407	    -0.626132	    -0.513617	     0.586649	     0.776280	    -0.340060	     0.530800	   -0.0731320	     0.787754	     0.611633 
56	Pyroxene-Amphibole	14276190	    0.0705273	      1.34476	 -0.03130	 -0.62176	  0.78258	     0.596121	 -0.53989	  0.66943	  0.51027	     0.443293	     -3.77174	      3.98024	      1.93947	     0.298061	     0.265500	     0.221646	   -0.0312981	    -0.621758	     0.782584	     0.841150	     0.406542	     0.356636	    -0.539895	     0.669432	     0.510268 
57	Pyroxene-Amphibole	14594607	     0.128873	      1.80473	 -0.79047	  0.61219	  0.01935	     0.857525	 -0.09917	 -0.15909	  0.98227	     0.475155	     -6.77937	    -0.107765	      1.96191	     0.428762	     0.340642	     0.237578	    -0.790475	     0.612189	    0.0193476	     0.604414	     0.774542	     0.186464	   -0.0991654	    -0.159089	     0.982271 
58	Pyroxene-Amphibole	14946152	     0.394037	      3.36039	 -0.75663	  0.42596	  0.49605	      2.09285	  0.07654	 -0.69575	  0.71419	     0.622799	     -1.63537	     -1.82116	      2.40120	      1.04642	     0.483400	     0.311400	    -0.756634	     0.425958	     0.496049	     0.649343	     0.578350	     0.493826	    0.0765413	    -0.695752	     0.714192 
59	Pyroxene-Amphibole	16076872	     0.530878	      2.36176	 -0.39946	  0.70207	  0.58952	      1.56656	 -0.54264	 -0.69937	  0.46521	     0.663303	      8.69587	     -2.33977	      2.48169	     0.783280	     0.548962	     0.331651	    -0.399456	     0.702073	     0.589516	     0.738902	    -0.134063	     0.660341	    -0.542640	    -0.699372	     0.465211 
60	Pyroxene-Amphibole	16128475	    0.0516590	      1.56041	 -0.36264	  0.36259	  0.85850	     0.623998	 -0.55363	 -0.82485	  0.11452	     0.399894	      5.21794	     0.991573	      2.18182	     0.311999	     0.207679	     0.199947	    -0.362636	     0.362589	     0.858501	     0.749659	    -0.433763	     0.499861	    -0.553630	    -0.824851	     0.114520 
61	Pyroxene-Amphibole	16617073	    0.0797783	      1.55640	  0.92664	 -0.33252	  0.17543	     0.641325	 -0.35286	 -0.60823	  0.71102	     0.412057	     -13.6629	      8.61109	      2.21405	     0.320662	     0.297120	     0.206029	     0.926638	    -0.332518	     0.175425	     0.129726	     0.720755	     0.680943	    -0.352864	    -0.608230	     0.711016 
62	Pyroxene-Amphibole	16617210	     0.410982	      2.56895	  0.97140	 -0.17356	  0.16202	      1.62711	 -0.23022	 -0.52164	  0.82151	     0.633373	     -7.30940	      8.58928	      2.34660	     0.813553	     0.443734	     0.316687	     0.971405	    -0.173558	     0.162021	    0.0580631	     0.835323	     0.546684	    -0.230221	    -0.521644	     0.821514 
63	Pyroxene-Amphibole	16829115	     0.112569	      2.25937	  0.81771	  0.53807	  0.20451	     0.976094	 -0.28182	  0.06443	  0.95730	     0.432020	     -6.54729	     -2.89465	      2.24938	     0.488047	     0.280362	     0.216010	     0.817710	     0.538074	     0.204514	     0.501922	    -0.840431	     0.204327	    -0.281823	    0.0644303	     0.957301 
64	Pyroxene-Amphibole	17272862	     0.592155	      3.27420	  0.74574	  0.33782	  0.57423	      2.44322	 -0.66036	  0.26061	  0.70428	     0.746204	     -8.60266	      1.60788	      2.78473	      1.22161	     0.400918	     0.373102	     0.745743	     0.337824	     0.574233	    0.0882708	    -0.904410	     0.417433	    -0.660361	     0.260610	     0.704277 
65	Pyroxene-Amphibole	17790451	    0.0930594	      1.31022	 -0.61627	  0.62435	  0.48000	     0.638255	 -0.30771	 -0.75194	  0.58301	     0.487134	     -2.83215	      11.0788	      2.35763	     0.319127	     0.294515	     0.243567	    -0.616269	     0.624351	     0.479999	     0.724934	     0.211593	     0.655515	    -0.307707	    -0.751941	     0.583011 
66	Pyroxene-Amphibole	18205030	    0.0294932	      1.18672	  0.00035	  0.68194	  0.73140	     0.432557	  0.99999	 -0.00269	  0.00202	     0.364499	     -9.71006	     -12.7458	      2.38971	     0.216279	     0.182462	     0.182250	  0.000354025	     0.681944	     0.731405	  -0.00334199	    -0.731400	     0.681941	     0.999994	  -0.00268577	   0.00202012 
67	Pyroxene-Amphibole	18904720	     0.477204	      2.34648	  0.44710	  0.61438	  0.65011	      1.67504	 -0.44919	 -0.47430	  0.75715	     0.713853	     -6.26281	      9.35384	      2.85938	     0.813696	     0.624191	     0.361860	     0.460664	     0.586131	     0.666513	     0.753321	    -0.655298	    0.0556064	    -0.469357	    -0.476482	     0.743417 
68	Pyroxene-Amphibole	19644264	    0.0497355	      1.40547	  0.49322	  0.45864	  0.73918	     0.544709	 -0.20872	 -0.76251	  0.61239	     0.387563	     -12.1004	      8.13845	      2.57983	     0.272355	     0.234685	     0.193782	     0.493217	     0.458642	     0.739178	    -0.844496	     0.456319	     0.280356	    -0.208718	    -0.762510	     0.612386 
69	Pyroxene-Amphibole	19877459	    0.0427744	      1.36675	 -0.94479	  0.24469	  0.21796	     0.525121	  0.07373	 -0.48936	  0.86896	     0.384210	     -12.6206	     -1.98252	      2.58010	     0.262560	     0.209377	     0.192105	    -0.944785	     0.244690	     0.217962	     0.319288	     0.837048	     0.444304	    0.0737280	    -0.489365	     0.868957 
70	Pyroxene-Amphibole	20628899	    0.0983719	      2.14023	  0.19883	  0.48304	  0.85272	     0.943025	  0.35658	 -0.84611	  0.39616	     0.440618	     -6.22501	     -2.35825	      2.87600	     0.471513	     0.239046	     0.220309	     0.198826	     0.483044	     0.852723	    -0.912863	    -0.225298	     0.340473	     0.356580	    -0.846115	     0.396158 
71	Pyroxene-Amphibole	20706865	      1.04582	     0.000000	  0.00000	  0.00000	  0.00000	     0.000000	  0.00000	  0.00000	  0.00000	     0.000000	      13.7984	      3.01361	      3.11342	     0.732930	     0.635856	     0.573278	     0.918564	    -0.289182	     0.269471	     0.102398	     0.832552	     0.544399	    -0.381779	    -0.472472	     0.794364 
72	Pyroxene-Amphibole	21225653	    0.0312335	      1.14965	  0.65812	  0.00097	  0.75291	     0.424218	 -0.00078	 -1.00000	  0.00197	     0.368997	     -12.9403	      12.5450	      2.70480	     0.212109	     0.195577	     0.184499	     0.658117	  0.000969676	     0.752915	    -0.752915	   0.00188102	     0.658115	 -0.000778146	    -0.999998	   0.00196801 
73	Pyroxene-Amphibole	21363752	     0.215520	      2.07970	  0.58200	  0.52153	  0.62392	      1.04394	 -0.36625	 -0.51692	  0.77373	     0.501968	      9.57815	     -3.96099	      2.99413	     0.521971	     0.417368	     0.250984	     0.582004	     0.521531	     0.623921	    -0.726041	     0.678822	     0.109841	    -0.366246	    -0.516920	     0.773730 
74	Pyroxene-Amphibole	21430711	    0.0276614	      1.11937	  1.00000	 -0.00004	  0.00051	     0.407934	 -0.00051	 -0.03234	  0.99948	     0.364433	    -0.624996	     0.491092	      2.73437	     0.203967	     0.182353	     0.182217	      1.00000	-3.71279e-005	  0.000510417	 2.07095e-005	     0.999477	    0.0323366	 -0.000511348	   -0.0323366	     0.999477 
75	Pyroxene-Amphibole	22527306	    0.0274782	     0.000000	  0.00000	  0.00000	  0.00000	     0.000000	  0.00000	  0.00000	  0.00000	     0.000000	      14.2195	     -2.34278	      2.87269	     0.202547	     0.182762	     0.182056	    0.0395140	    -0.998432	    0.0396514	    -0.754137	  -0.00376550	     0.656707	     0.655528	    0.0558516	     0.753103 
76	Pyroxene-Amphibole	23289809	     0.681642	      2.52414	 -0.99567	  0.01946	  0.09091	      2.09836	  0.02028	  0.99976	  0.00805	     0.831314	     -4.66278	     -2.07359	      3.46180	      1.04918	     0.666288	     0.415657	    -0.995669	    0.0194615	    0.0909057	    0.0907275	  -0.00985599	     0.995827	    0.0202762	     0.999762	   0.00804761 
77	Pyroxene-Amphibole	23473865	    0.0968148	      1.49296	  0.97662	  0.01042	  0.21473	     0.713089	 -0.14087	  0.78552	  0.60259	     0.477636	     -6.90836	      10.6608	      3.05022	     0.356545	     0.284604	     0.238818	     0.976619	    0.0104220	     0.214725	    -0.162390	    -0.618751	     0.768620	    -0.140872	     0.785518	     0.602591 
78	Pyroxene-Amphibole	23820069	    0.0319663	      1.25342	  1.00000	 -0.00049	  0.00009	     0.461453	 -0.00009	  0.00036	  1.00000	     0.368154	     -9.35291	      8.39309	      3.01010	     0.230726	     0.185257	     0.184077	      1.00000	 -0.000493517	 8.99753e-005	 -0.000493541	     -1.00000	  0.000360923	-8.97970e-005	  0.000360968	      1.00000 
79	Pyroxene-Amphibole	23847084	    0.0651233	     0.000000	  0.00000	  0.00000	  0.00000	     0.000000	  0.00000	  0.00000	  0.00000	     0.000000	      14.1870	      10.2422	      3.06370	     0.293632	     0.252133	     0.219492	    -0.230630	    -0.816629	     0.529081	     0.891823	    0.0400743	     0.450606	    -0.389180	     0.575770	     0.719046 
80	Pyroxene-Amphibole	23979068	     0.116233	      1.65082	  0.59346	 -0.69378	  0.40801	     0.778755	 -0.68382	 -0.16726	  0.71022	     0.471738	     -5.62958	     -6.76759	      3.23255	     0.389377	     0.331116	     0.235869	     0.593462	    -0.693780	     0.408010	     0.424495	     0.700495	     0.573682	    -0.683818	    -0.167260	     0.710223 
81	Pyroxene-Amphibole	24197461	     0.150214	      1.63890	 -0.91822	  0.39518	  0.02642	     0.925241	 -0.03704	 -0.15208	  0.98767	     0.564550	     -3.82333	      8.31835	      3.16064	     0.462621	     0.294584	     0.282275	    -0.918224	     0.395178	    0.0264160	     0.394325	     0.905928	     0.154278	   -0.0370363	    -0.152079	     0.987674 
82	Pyroxene-Amphibole	24626353	    0.0707105	      1.83876	  0.99809	 -0.04968	  0.03679	     0.734743	 -0.05577	 -0.46703	  0.88248	     0.399586	     -5.96503	      11.7451	      3.12461	     0.367371	     0.240344	     0.199793	     0.998088	   -0.0496751	    0.0367866	    0.0266571	     0.882847	     0.468904	   -0.0557698	    -0.467027	     0.882483 
83	Pyroxene-Amphibole	24954983	     0.112661	     0.000000	  0.00000	  0.00000	  0.00000	     0.000000	  0.00000	  0.00000	  0.00000	     0.000000	     -14.0975	      8.28239	      3.29209	     0.392414	     0.278637	     0.253381	     0.618536	     0.335290	     0.710630	    -0.681411	     0.679229	     0.272630	    -0.391270	    -0.652862	     0.648597 
84	Pyroxene-Amphibole	24968469	    0.0475372	      1.48754	  0.68247	 -0.70834	  0.18026	     0.569152	 -0.56850	 -0.35942	  0.74002	     0.382613	      11.0655	      9.13331	      3.17394	     0.284576	     0.214892	     0.191306	     0.682469	    -0.708339	     0.180255	     0.459395	     0.607513	     0.647984	    -0.568500	    -0.359420	     0.740017 
85	Pyroxene-Amphibole	25380018	      1.38627	     0.000000	  0.00000	  0.00000	  0.00000	     0.000000	  0.00000	  0.00000	  0.00000	     0.000000	      13.7153	      11.8759	      3.85808	      1.20036	     0.735242	     0.680699	     0.277493	     0.923767	     0.263916	     0.908306	    -0.341760	     0.241207	    -0.313015	    -0.172783	     0.933899 
86	Pyroxene-Amphibole	25457988	     0.152962	      2.10011	  0.95224	 -0.11266	  0.28380	      1.04578	 -0.02524	  0.89723	  0.44085	     0.497966	      4.31151	     -9.42730	      3.35818	     0.522891	     0.304688	     0.248983	     0.952241	    -0.112663	     0.283803	    -0.304303	    -0.426958	     0.851532	   -0.0252357	     0.897226	     0.440850 
87	Pyroxene-Amphibole	26703754	     0.105883	      3.13621	  0.85592	  0.20114	  0.47639	      1.30553	  0.02780	 -0.93782	  0.34601	     0.416276	     -11.7773	     -1.91301	      3.53229	     0.652764	     0.235492	     0.208138	     0.855920	     0.201138	     0.476388	    -0.516361	     0.282918	     0.808288	    0.0277984	    -0.937817	     0.346015 
88	Pyroxene-Amphibole	26792405	    0.0544984	      1.22357	 -0.01369	 -0.93204	  0.36210	     0.530366	 -0.90048	  0.16891	  0.40075	     0.433459	     -5.33050	      4.12427	      3.45748	     0.265183	     0.242933	     0.216729	   -0.0136857	    -0.932040	     0.362098	     0.434673	     0.320579	     0.841599	    -0.900484	     0.168912	     0.400745 
89	Pyroxene-Amphibole	27074894	    0.0800531	      1.59944	  0.66299	  0.06582	  0.74573	     0.679561	 -0.66537	  0.50837	  0.54667	     0.424875	      3.08220	     -2.56484	      3.56353	     0.339781	     0.297968	     0.212437	     0.662991	    0.0658184	     0.745729	    -0.343122	    -0.858622	     0.380835	    -0.665365	     0.508366	     0.546675 
90	Pyroxene-Amphibole	27126324	    0.0387442	      1.40851	 -0.98456	 -0.17505	  0.00078	     0.527184	 -0.02457	  0.14259	  0.98948	     0.374284	     -8.13250	      1.06318	      3.42589	     0.263592	     0.196768	     0.187142	    -0.984559	    -0.175050	  0.000776147	     0.173318	    -0.974180	     0.144685	   -0.0245709	     0.142585	     0.989478 
91	Pyroxene-Amphibole	27602598	     0.147100	      2.43602	  0.72622	  0.17192	  0.66562	      1.09080	 -0.28057	 -0.80980	  0.51528	     0.447777	    -0.269755	      7.81837	      3.70815	     0.545398	     0.316417	     0.223889	     0.726220	     0.171920	     0.665618	    -0.627601	     0.560960	     0.539853	    -0.280574	    -0.809795	     0.515277 
92	Pyroxene-Amphibole	27842870	     0.140047	      3.25825	  0.64976	  0.76013	  0.00466	      1.46555	 -0.28134	  0.23479	  0.93044	     0.449797	     -2.10412	     -1.59446	      3.55946	     0.732776	     0.257880	     0.224899	     0.649756	     0.760129	   0.00465854	     0.706162	    -0.605871	     0.366409	    -0.281341	     0.234787	     0.930442 
93	Pyroxene-Amphibole	28674598	    0.0588033	      1.52247	  0.58846	 -0.80713	  0.04747	     0.609692	 -0.39962	 -0.23931	  0.88489	     0.400464	      12.2542	      3.26391	      3.62605	     0.304846	     0.238020	     0.200232	     0.588464	    -0.807129	    0.0474664	     0.702863	     0.539696	     0.463370	    -0.399617	    -0.239314	     0.884893 
94	Pyroxene-Amphibole	29008456	     0.675597	      2.94776	  0.62868	 -0.72826	  0.27274	      2.29284	 -0.47167	 -0.07824	  0.87830	     0.777826	      7.01496	   -0.0889174	      4.00581	      1.14642	     0.480030	     0.388913	     0.628683	    -0.728263	     0.272745	     0.618295	     0.680817	     0.392682	    -0.471665	   -0.0782362	     0.878300 
95	Pyroxene-Amphibole	29193544	      1.29724	     0.000000	  0.00000	  0.00000	  0.00000	     0.000000	  0.00000	  0.00000	  0.00000	     0.000000	     -6.73817	      12.6635	      4.37890	     0.967819	     0.727124	     0.567656	     0.740091	   -0.0725320	     0.668584	    -0.661483	    -0.257780	     0.704265	    -0.121265	     0.963477	     0.238759 
96	Pyroxene-Amphibole	29672264	      1.06698	      2.72770	  0.14549	  0.91591	  0.37408	      3.30677	 -0.36304	 -0.30231	  0.88137	      1.21230	     -5.52878	     -5.31690	      4.16498	      1.65615	     0.900205	     0.606598	     0.146787	     0.914943	     0.375943	     0.919561	    -0.266268	     0.288980	    -0.364502	    -0.303284	     0.880430 
97	Pyroxene-Amphibole	29884055	    0.0735499	      1.57857	  0.61292	 -0.30330	  0.72961	     0.649536	  0.17890	  0.95268	  0.24574	     0.411471	     -10.0310	      8.13279	      3.84325	     0.324768	     0.270982	     0.205735	     0.612919	    -0.303304	     0.729614	    -0.769626	   -0.0200917	     0.638179	     0.178903	     0.952682	     0.245745 
98	Pyroxene-Amphibole	31269540	     0.471068	      2.20561	  0.72263	 -0.08266	  0.68628	      1.50813	 -0.52428	 -0.71258	  0.46622	     0.683773	      10.6986	    -0.856090	      4.40213	     0.754067	     0.484047	     0.341886	     0.722627	   -0.0826575	     0.686278	    -0.450495	     0.696700	     0.558268	    -0.524275	    -0.712584	     0.466218 
99	Pyroxene-Amphibole	31691445	     0.679352	     0.000000	  0.00000	  0.00000	  0.00000	     0.000000	  0.00000	  0.00000	  0.00000	     0.000000	      13.9478	      1.88175	      4.59722	     0.937240	     0.643109	     0.355446	     0.622981	    0.0330889	     0.781537	    -0.391732	     0.877994	     0.275085	    -0.677083	    -0.477526	     0.559936 
100	Pyroxene-Amphibole	31854622	    0.0121820	     0.000000	  0.00000	  0.00000	  0.00000	     0.000000	  0.00000	  0.00000	  0.00000	     0.000000	      1.82543	     -12.9787	      4.00473	     0.183188	     0.162866	     0.103775	     0.764340	    -0.353648	     0.539182	    -0.624528	    -0.197930	     0.755505	     0.160462	     0.914197	     0.372149 
101	Pyroxene-Amphibole	32154676	     0.363628	      3.20441	  0.86942	  0.37383	  0.32305	      1.83058	 -0.41493	  0.19748	  0.88816	     0.571268	     -12.5997	      8.12898	      4.30003	     0.915289	     0.366757	     0.285634	     0.869418	     0.373830	     0.323052	     0.268226	    -0.906230	     0.326806	    -0.414930	     0.197480	     0.888164 
102	Pyroxene-Amphibole	32757606	     0.109088	      2.64473	 -0.62368	  0.31014	  0.71752	      1.11246	 -0.12797	 -0.94605	  0.29768	     0.420633	     -3.83544	     -2.81612	      4.28333	     0.556230	     0.272724	     0.210317	    -0.623681	     0.310141	     0.717520	     0.771132	    0.0938382	     0.629721	    -0.127972	    -0.946048	     0.297685 
103	Pyroxene-Amphibole	32928766	     0.101120	      1.68515	  0.94211	  0.24056	  0.23358	     0.795571	 -0.33516	  0.69586	  0.63517	     0.472107	     -4.85201	      8.99878	      4.18987	     0.397785	     0.274293	     0.236054	     0.942110	     0.240558	     0.233582	  -0.00974716	    -0.676686	     0.736207	    -0.335162	     0.695865	     0.635168 
104	Pyroxene-Amphibole	33979077	     0.336150	      3.35328	  0.80101	  0.29263	  0.52225	      1.73239	 -0.58650	  0.55845	  0.58664	     0.516625	     -8.48641	      3.05807	      4.61175	     0.866194	     0.452192	     0.258312	     0.801012	     0.292627	     0.522254	    -0.119988	    -0.776208	     0.618954	    -0.586500	     0.558455	     0.586640 
105	Pyroxene-Amphibole	34466041	    0.0233564	     0.000000	  0.00000	  0.00000	  0.00000	     0.000000	  0.00000	  0.00000	  0.00000	     0.000000	     -14.2191	      10.3574	      4.29687	     0.179592	     0.178302	     0.178234	   0.00579182	  -0.00247506	     0.999980	     0.321925	     0.946765	  0.000478774	    -0.946747	     0.321916	   0.00628027 
106	Pyroxene-Amphibole	34497648	    0.0786792	      1.53513	 -0.74392	  0.66200	  0.09129	     0.681790	  0.04147	 -0.09061	  0.99502	     0.444125	      12.5033	      12.5765	      4.34443	     0.340895	     0.253766	     0.222063	    -0.743924	     0.662000	    0.0912873	     0.666976	     0.744007	    0.0399506	    0.0414711	   -0.0906066	     0.995023 
107	Pyroxene-Amphibole	35048694	      4.81592	     0.000000	  0.00000	  0.00000	  0.00000	     0.000000	  0.00000	  0.00000	  0.00000	     0.000000	      13.0224	     -1.10094	      6.21308	      2.21768	      1.30776	     0.809407	     0.345729	     0.315678	     0.883639	    -0.726352	     0.686213	    0.0390419	    -0.594040	    -0.655331	     0.466537 
108	Pyroxene-Amphibole	35600716	     0.229534	      1.69645	 -0.88797	  0.45401	  0.07345	     0.979359	 -0.32595	 -0.73391	  0.59593	     0.577298	    -0.958766	      10.3136	      4.66856	     0.489679	     0.411844	     0.288649	    -0.887965	     0.454008	    0.0734511	     0.324464	     0.505225	     0.799669	    -0.325946	    -0.733910	     0.595931 
109	Pyroxene-Amphibole	35808010	     0.241350	      2.92146	 -0.85453	  0.50868	  0.10504	      1.45982	 -0.27813	 -0.61892	  0.73456	     0.499688	     -4.03867	     -1.54954	      4.62963	     0.729911	     0.386086	     0.249844	    -0.854526	     0.508677	     0.105040	     0.438667	     0.598488	     0.670361	    -0.278132	    -0.618918	     0.734563 
110	Pyroxene-Amphibole	35829431	     0.103410	      1.79760	  0.49647	 -0.86749	  0.03125	     0.770833	 -0.09986	 -0.02131	  0.99477	     0.428813	     0.643113	    -0.242749	      4.51841	     0.385416	     0.318611	     0.214407	     0.496467	    -0.867493	    0.0312520	     0.862293	     0.496993	    0.0972039	   -0.0998558	   -0.0213102	     0.994774 
