Number	Component	Unique#	Volume (mm^3)	PEllipsoid X (mm)	PEllipsoid Y (mm)	PEllipsoid Z (mm)	PEllipsoid Rad1 (mm)	PEllipsoid Rad2 (mm)	PEllipsoid Rad3 (mm)	PEllipsoid X1 (dmls)	PEllipsoid Y1 (dmls)	PEllipsoid Z1 (dmls)	PEllipsoid X2 (dmls)	PEllipsoid Y2 (dmls)	PEllipsoid Z2 (dmls)	PEllipsoid X3 (dmls)	PEllipsoid Y3 (dmls)	PEllipsoid Z3 (dmls) 
1	Pyroxene	111	      6.48007	     -9.75590	     -10.2157	     0.790206	      1.73522	      1.50026	     0.970474	    -0.207598	     0.953763	     0.217345	    -0.962282	    -0.239049	     0.129879	     0.175830	    -0.182185	     0.967415 
2	Pyroxene	357	     0.152824	     0.172046	     -11.5929	     0.483460	     0.748634	     0.269354	     0.240599	    -0.522791	   -0.0441628	     0.851316	    0.0114038	     0.998205	    0.0587859	     0.852385	   -0.0404411	     0.521349 
3	Pyroxene	28415	    0.0364434	     -2.36699	     -9.86171	     0.144452	     0.239240	     0.202388	     0.195353	     0.899470	     0.436972	   0.00285272	  -0.00825972	    0.0104741	     0.999911	     0.436904	    -0.899414	    0.0130304 
4	Pyroxene	28751	     0.116656	      12.7174	     -9.79834	     0.195885	     0.391450	     0.299870	     0.269618	    -0.934693	    -0.271759	     0.229119	     0.351095	    -0.605191	     0.714476	   -0.0555040	     0.748259	     0.661081 
5	Pyroxene	32461	     0.435856	     -10.1409	     -9.00939	     0.238846	     0.828723	     0.475467	     0.383247	    -0.289262	    -0.947581	     0.135717	    -0.939963	     0.307992	     0.147006	     0.181099	    0.0850454	     0.979781 
6	Pyroxene	42577	      6.21480	      2.05248	     -8.45881	      1.13750	      1.85709	      1.40169	     0.999692	    -0.782997	    -0.457105	     0.421867	     0.580365	    -0.780890	     0.231056	     0.223815	     0.425753	     0.876722 
7	Pyroxene	69754	    0.0896436	     -8.52161	     -7.22372	     0.322090	     0.574187	     0.267665	     0.202289	    -0.187850	    -0.152182	     0.970337	     0.728703	     0.640808	     0.241572	     0.658563	    -0.752466	   0.00948011 
8	Pyroxene	78635	     0.268015	      11.0818	     -6.53322	     0.284178	     0.528637	     0.381377	     0.348480	     0.947198	    -0.129514	     0.293329	    -0.260078	    -0.845387	     0.466562	    -0.187550	     0.518215	     0.834433 
9	Pyroxene	79282	    0.0652869	      8.77925	     -6.52578	     0.152086	     0.365922	     0.218930	     0.217547	     0.208618	    -0.977642	    0.0263450	    -0.804857	    -0.156320	     0.572512	     0.555594	     0.140640	     0.819473 
10	Pyroxene	84928	      1.10612	      9.58571	     -5.64986	      1.07045	      1.31417	     0.741628	     0.622035	   -0.0230855	    0.0940323	     0.995301	   -0.0556208	    -0.994146	    0.0926329	     0.998185	   -0.0532210	    0.0281805 
11	Pyroxene	94347	    0.0521013	     -9.07575	     -5.63904	     0.156695	     0.257802	     0.239289	     0.220950	     0.921621	    -0.298521	     0.247990	    -0.358919	    -0.898687	     0.252069	    -0.147617	     0.321321	     0.935394 
12	Pyroxene	94749	    0.0462411	      8.96105	     -5.64532	     0.252593	     0.449163	     0.213763	     0.160336	     0.795931	     0.160738	     0.583658	   -0.0163767	    -0.958038	     0.286173	    -0.605165	     0.237333	     0.759900 
13	Pyroxene	100869	    0.0426700	    -0.363268	     -5.24756	     0.151172	     0.233725	     0.220476	     0.214889	     0.789890	     0.613224	   0.00547982	    0.0595253	   -0.0855617	     0.994553	    -0.610352	     0.785262	     0.104087 
14	Pyroxene	103474	    0.0323230	     -9.65213	     -5.09076	     0.158810	     0.247826	     0.210895	     0.177483	     0.386269	    -0.765665	     0.514348	    -0.218237	     0.465932	     0.857485	    -0.896197	    -0.443470	    0.0128790 
15	Pyroxene	104614	     0.177730	      9.88888	     -4.68182	     0.163820	     0.686796	     0.387619	     0.213223	    -0.171974	     0.984284	    0.0401304	     0.984754	     0.170688	    0.0335412	   -0.0261643	   -0.0452867	     0.998631 
16	Pyroxene	106371	     0.431827	     -6.21106	     -4.79511	     0.545673	     0.750608	     0.450344	     0.336964	    -0.426295	    -0.224514	     0.876280	     0.659113	    -0.740563	     0.130905	     0.619551	     0.633371	     0.463678 
17	Pyroxene	107673	     0.186429	     -10.2169	     -4.56594	     0.201778	     0.602724	     0.389687	     0.269563	     0.882023	     0.433018	     0.185826	    -0.468678	     0.846994	     0.250882	   -0.0487566	    -0.308376	     0.950014 
18	Pyroxene	108713	      6.00777	      3.89275	     -3.86893	      1.48954	      1.79406	      1.42119	     0.925810	    -0.444632	    -0.359696	     0.820318	    -0.178609	     0.933038	     0.312312	     0.877725	   0.00765213	     0.479104 
19	Pyroxene	109362	    0.0916580	      2.30314	     -4.56448	     0.154913	     0.425575	     0.296976	     0.211379	     0.944478	     0.328427	   0.00980851	    -0.328571	     0.943921	    0.0324680	   0.00140491	   -0.0338881	     0.999425 
20	Pyroxene	112280	     0.957052	      6.75439	     -4.22889	     0.501000	     0.880748	     0.636589	     0.479154	    -0.191547	    -0.588751	     0.785291	    -0.584924	     0.710974	     0.390360	     0.788146	     0.384563	     0.480559 
21	Pyroxene	118899	    0.0888195	     -11.5318	     -3.98284	     0.189801	     0.317179	     0.276996	     0.262180	   -0.0576327	    -0.962843	     0.263839	    -0.850003	     0.185936	     0.492872	     0.523616	     0.195858	     0.829136 
22	Pyroxene	125449	     0.127644	     -1.72093	     -3.56024	     0.232446	     0.375103	     0.337982	     0.263327	    -0.757161	     0.548213	     0.355203	     0.332409	    -0.144741	     0.931962	    -0.562326	    -0.823718	    0.0726387 
23	Pyroxene	136874	      2.58126	      5.84092	     -2.42759	     0.780822	      1.11589	     0.945876	     0.756759	    -0.246561	    -0.492575	     0.834612	     0.364861	     0.750655	     0.550812	     0.897822	    -0.440326	   0.00536084 
24	Pyroxene	136877	      1.27946	      6.86234	     -2.98995	     0.811706	      2.18273	      1.20028	     0.432146	     0.442419	    -0.850695	     0.283873	    -0.159110	     0.237059	     0.958377	     0.882581	     0.469171	    0.0304744 
25	Pyroxene	138659	     0.565697	     -8.46761	     -2.51126	     0.341540	     0.740891	     0.505911	     0.443487	    -0.802034	     0.575066	     0.161373	    -0.260670	    -0.580105	     0.771705	     0.537395	     0.576869	     0.615166 
26	Pyroxene	143392	     0.458656	      14.2008	     -2.28191	     0.529912	     0.879980	     0.597628	     0.327510	    -0.813300	     0.463947	     0.351135	     0.204441	    -0.337144	     0.918987	     0.544744	     0.819199	     0.179350 
27	Pyroxene	143672	      2.72548	     -4.54003	     -2.53292	      1.04239	      1.36639	      1.08980	     0.602243	    -0.943768	  -0.00973442	     0.330464	     0.285432	    -0.528367	     0.799598	     0.166823	     0.848960	     0.501434 
28	Pyroxene	146402	     0.364160	     -7.26561	     -2.26923	     0.369219	     0.621992	     0.494022	     0.343028	     0.948906	   -0.0240345	     0.314643	    -0.313143	    0.0514652	     0.948311	   -0.0389854	    -0.998386	    0.0413094 
29	Pyroxene	146847	    0.0433109	      12.1619	     -2.36274	     0.257947	     0.290850	     0.201047	     0.190874	     0.216865	    0.0732776	     0.973448	     0.191658	    -0.980967	    0.0311461	    -0.957202	    -0.179814	     0.226782 
30	Pyroxene	150158	     0.964103	      3.10226	     -1.94360	     0.631833	     0.960528	     0.669534	     0.455689	    -0.252352	    -0.919506	     0.301376	    0.0146395	     0.307793	     0.951341	     0.967525	    -0.244484	    0.0642108 
31	Pyroxene	155319	    0.0480724	      13.7420	     -1.60114	     0.189383	     0.301052	     0.250960	     0.199005	     0.105536	     0.978836	     0.175333	    -0.160428	    -0.157248	     0.974441	     0.981389	    -0.130967	     0.140437 
32	Pyroxene	155525	     0.624117	     -8.11139	     -1.67577	     0.495440	     0.747145	     0.583099	     0.454485	     0.458827	    -0.216281	     0.861800	    -0.618597	    -0.774007	     0.135097	    -0.637820	     0.595094	     0.488926 
33	Pyroxene	158434	    0.0391904	     -4.13026	     -1.55997	     0.246574	     0.282557	     0.219644	     0.198610	    -0.242893	     0.355097	     0.902723	     0.409817	    -0.805904	     0.427280	     0.879234	     0.473735	    0.0502238 
34	Pyroxene	159138	      1.68849	     -4.00034	     -1.04500	     0.638601	      1.02626	     0.890797	     0.672051	    -0.784072	    -0.170895	     0.596679	     0.408877	    -0.865485	     0.289404	     0.466959	     0.470882	     0.748478 
35	Pyroxene	160815	      2.51716	      7.75705	     -1.27285	     0.982568	      1.20019	     0.964953	     0.621027	    -0.762169	    0.0970061	     0.640069	     0.442737	    -0.643241	     0.624680	     0.472316	     0.759494	     0.447310 
36	Pyroxene	163511	      2.65021	      3.76936	    -0.929908	     0.844334	      1.21917	     0.919526	     0.715013	     0.714291	   0.00311177	     0.699842	    -0.697860	    0.0784998	     0.711920	   -0.0527220	    -0.996909	    0.0582433 
37	Pyroxene	166573	     0.161523	      14.3305	     -1.14051	     0.304120	     0.453667	     0.320517	     0.304091	     0.606890	    -0.390458	     0.692262	     0.233485	     0.920160	     0.314308	    -0.759716	   -0.0291175	     0.649602 
38	Pyroxene	169321	     0.164636	      11.1263	    -0.919656	     0.325437	     0.496713	     0.315493	     0.266059	    -0.537277	    -0.414835	     0.734333	    -0.453335	     0.876249	     0.163322	     0.711211	     0.245150	     0.658848 
39	Pyroxene	174979	     0.907240	      12.6054	    -0.309287	     0.555366	      1.19549	     0.564830	     0.462964	     0.438910	    -0.701036	     0.562056	     0.105787	     0.661494	     0.742452	    -0.892282	    -0.266411	     0.364497 
40	Pyroxene	176746	      2.35839	     -2.28264	    -0.146995	      1.17426	      1.35288	     0.921124	     0.534642	    -0.325351	   -0.0805019	     0.942161	     0.903514	     0.267456	     0.334858	     0.278943	    -0.960202	    0.0142824 
41	Pyroxene	179068	      2.47898	      7.91587	     0.387829	     0.671058	      1.34693	      1.08448	     0.819061	    -0.229424	    -0.954993	     0.188025	     0.724001	   -0.0383295	     0.688733	    -0.650528	     0.294142	     0.700209 
42	Pyroxene	181153	     0.454353	      5.56192	    -0.314728	     0.767274	      1.12477	     0.342368	     0.307397	    -0.491502	    -0.384257	     0.781519	     0.344738	     0.738243	     0.579787	     0.799738	    -0.554386	     0.230380 
43	Pyroxene	181731	     0.374690	     0.521024	   -0.0561331	     0.369661	     0.722250	     0.516785	     0.323174	    -0.279447	   -0.0741358	     0.957295	     0.829217	    -0.521268	     0.201691	     0.484054	     0.850167	     0.207141 
44	Pyroxene	186488	      1.62503	     -7.08547	     0.507412	     0.575638	      1.56359	     0.717782	     0.664689	    -0.719994	    -0.584114	     0.374725	     0.672880	    -0.719722	     0.170978	     0.169827	     0.375248	     0.911234 
45	Pyroxene	199958	    0.0390989	     -1.97819	      1.02248	     0.194837	     0.263321	     0.201361	     0.192597	    -0.148571	    -0.273637	     0.950289	     0.955587	     0.207603	     0.209178	    -0.254521	     0.939161	     0.230640 
46	Pyroxene	206165	     0.618623	     -7.41132	      1.88654	     0.539013	      1.34544	     0.598977	     0.427392	    -0.354844	     0.934401	    0.0313280	    -0.652529	    -0.271520	     0.707448	     0.669546	     0.230591	     0.706071 
47	Pyroxene	213433	     0.241369	      3.15059	      2.03431	     0.319943	     0.565948	     0.408062	     0.275393	    -0.257029	    -0.576115	     0.775904	    -0.538383	     0.752109	     0.380100	     0.802546	     0.320037	     0.503484 
48	Pyroxene	214192	    0.0882701	      5.80100	      1.95194	     0.224505	     0.364084	     0.287919	     0.249158	     0.416822	    -0.290879	     0.861190	    -0.808042	     0.315356	     0.497614	     0.416327	     0.903294	     0.103595 
49	Pyroxene	214566	    0.0686748	     -8.94136	      1.93333	     0.321758	     0.330541	     0.243364	     0.222165	    -0.257173	    -0.361822	     0.896073	    -0.200850	     0.927025	     0.316676	     0.945263	    0.0985363	     0.311078 
50	Pyroxene	214635	      2.18505	     -6.44640	      2.11296	      2.02189	      2.00249	     0.895663	     0.663792	    -0.329342	    -0.187409	     0.925425	   -0.0459646	     0.982125	     0.182534	     0.943091	   -0.0175792	     0.332069 
51	Pyroxene	220495	      4.30326	      4.14544	      3.25508	     0.690454	      1.68600	      1.07428	     0.929658	    -0.135888	    -0.241570	     0.960822	    -0.624500	     0.773768	     0.106218	     0.769112	     0.585600	     0.256006 
52	Pyroxene	223936	     0.164545	      1.38055	      2.70158	     0.192316	     0.457409	     0.327067	     0.290184	    -0.955491	     0.286859	    0.0689179	    -0.276816	    -0.952514	     0.126842	     0.102031	     0.102119	     0.989526 
53	Pyroxene	229687	      3.57778	      7.03578	      1.99468	      2.30107	      1.96078	     0.992822	     0.761496	     0.194032	    -0.185007	     0.963392	     0.346615	     0.931641	     0.109100	    -0.917720	     0.312757	     0.244894 
54	Pyroxene	231089	     0.136068	      7.03375	      3.07847	     0.198964	     0.481405	     0.289164	     0.281548	     0.620677	    -0.768357	     0.156162	    -0.411386	    -0.149581	     0.899103	     0.667474	     0.622296	     0.408933 
55	Pyroxene	242155	      1.83856	    -0.986331	      4.74927	     0.349100	      1.49882	     0.703116	     0.525488	    -0.573494	    -0.815207	    0.0808815	    -0.813634	     0.578308	    0.0596663	    0.0954147	    0.0315897	     0.994936 
56	Pyroxene	247724	      4.04495	     -4.24381	      4.75215	     0.739704	      2.31188	      1.09898	     0.741560	    -0.208344	    -0.406836	     0.889426	     0.950181	    -0.299752	    0.0854649	     0.231837	     0.862922	     0.449019 
57	Pyroxene	253215	    0.0626315	     -9.61255	      4.34199	     0.334226	     0.307490	     0.256097	     0.219833	    -0.163120	    -0.433767	     0.886137	     0.477757	     0.751108	     0.455615	    -0.863215	     0.497678	    0.0847144 
58	Pyroxene	260271	      1.01886	     -8.34638	      5.45856	     0.586062	     0.807634	     0.708458	     0.545330	     0.108273	     0.652416	     0.750087	     0.867621	    -0.430346	     0.249071	    -0.485295	    -0.623823	     0.612645 
59	Pyroxene	261978	     0.228825	      4.92414	      5.13088	     0.283570	     0.544165	     0.369555	     0.312429	    -0.133850	    -0.731954	     0.668078	    -0.321236	     0.669790	     0.669470	     0.937492	     0.125002	     0.324781 
60	Pyroxene	272551	      1.14650	      6.71021	      6.18177	     0.490373	      1.02541	     0.827906	     0.399452	    -0.576471	    -0.787515	     0.217949	     0.550917	    -0.177601	     0.815443	    -0.603466	     0.590151	     0.536237 
61	Pyroxene	273188	      5.18413	      1.92744	      6.45334	      1.01459	      1.89947	      1.48517	     0.980147	    -0.845513	     0.186013	     0.500506	   -0.0504901	    -0.961010	     0.271866	     0.531562	     0.204595	     0.821938 
62	Pyroxene	276599	     0.139089	     -1.49982	      6.15163	     0.178568	     0.477768	     0.291727	     0.267308	    -0.673850	     0.736793	    0.0553326	    -0.619011	    -0.603844	     0.502192	     0.403424	     0.304151	     0.862984 
63	Pyroxene	279949	     0.202453	     -8.89379	      6.41977	     0.202262	     0.557533	     0.381445	     0.291919	    -0.904423	     0.403401	     0.138876	     0.426557	     0.861283	     0.276117	   0.00822573	    -0.308966	     0.951038 
64	Pyroxene	286248	     0.754050	     -10.1345	      6.74069	     0.908369	      1.23540	     0.676700	     0.346294	     0.136454	    -0.346250	     0.928165	    -0.552557	     0.751042	     0.361409	     0.822229	     0.562180	    0.0888407 
65	Pyroxene	294202	      2.00805	     0.361871	      7.88484	     0.845445	      1.20450	     0.953408	     0.733958	    0.0212509	    -0.981835	     0.188544	    0.0828405	     0.189668	     0.978347	    -0.996336	  -0.00517182	    0.0853663 
66	Pyroxene	294903	      2.37249	    -0.820095	      7.78064	     0.900036	      1.17909	     0.911631	     0.771972	    -0.107645	     0.774447	     0.623413	     0.991200	    0.0350121	     0.127657	   -0.0770365	    -0.631669	     0.771401 
67	Pyroxene	302402	    0.0369928	     -10.7238	      7.55129	     0.209963	     0.253100	     0.212372	     0.183466	    -0.152603	     0.165346	     0.974358	     0.799537	    -0.558851	     0.220058	    -0.580907	    -0.812617	    0.0469182 
68	Pyroxene	304120	     0.430912	      3.33512	      8.23542	     0.217914	      1.04745	     0.467702	     0.292049	     0.123664	    -0.989630	    0.0730749	    -0.969815	    -0.104935	     0.220107	     0.210156	    0.0980885	     0.972735 
69	Pyroxene	304151	     0.116839	      4.69901	      7.64349	     0.269850	     0.470607	     0.292686	     0.234258	    -0.852853	   -0.0413931	     0.520508	     0.478323	     0.337840	     0.810600	     0.209401	    -0.940293	     0.268328 
70	Pyroxene	307711	      1.60791	      6.79263	      7.65939	     0.898666	      2.28590	     0.522295	     0.452564	   -0.0143107	    -0.687917	     0.725648	     0.666965	     0.534116	     0.519498	    -0.744952	     0.491416	     0.451173 
71	Pyroxene	314937	      7.85567	      14.2955	      9.50463	      1.03620	      2.40179	      1.47726	      1.02593	   -0.0579410	     0.997983	    0.0259471	    -0.890327	   -0.0634135	     0.450884	     0.451620	   0.00302326	     0.892205 
72	Pyroxene	315864	     0.423678	     -6.02652	      7.97806	      1.02135	     0.947897	     0.518464	     0.485590	    -0.215563	    -0.408731	     0.886833	    -0.389792	     0.868708	     0.305630	     0.895318	     0.279798	     0.346581 
73	Pyroxene	316123	     0.107041	      5.44270	      8.48151	     0.344567	     0.462866	     0.294420	     0.205468	    -0.619629	     0.496637	     0.607792	     0.135346	    -0.695154	     0.706005	     0.773137	     0.519723	     0.363520 
74	Pyroxene	319352	     0.450232	     -7.17588	      8.67695	     0.492708	     0.902001	     0.427773	     0.388771	    -0.557768	    -0.420250	     0.715741	     0.792065	   -0.0117911	     0.610323	    -0.248049	     0.907332	     0.339442 
75	Pyroxene	325021	     0.121417	     -5.08024	      9.27391	     0.186508	     0.518860	     0.298176	     0.219433	    0.0526688	     0.998346	    0.0230264	   -0.0608323	   -0.0198080	     0.997951	     0.996757	   -0.0539615	    0.0596885 
76	Pyroxene	325526	     0.178829	     -14.1134	      9.14663	     0.463161	     0.631594	     0.306840	     0.258187	    -0.484879	     0.283919	     0.827214	     0.566680	    -0.618443	     0.544429	     0.666158	     0.732747	     0.138979 
77	Pyroxene	327231	     0.300979	     0.120091	      9.37810	     0.268345	      1.03012	     0.427491	     0.361111	     0.993837	    0.0795563	    0.0772000	   -0.0912037	     0.982655	     0.161466	   -0.0630154	    -0.167512	     0.983854 
78	Pyroxene	330715	      3.36424	     -3.13106	      9.42896	      2.22354	      1.93847	      1.29508	     0.756503	    -0.446400	     0.224027	     0.866337	     0.424997	    -0.798911	     0.425580	     0.787467	     0.558170	     0.261423 
79	Pyroxene	335502	     0.391813	     -8.06358	      9.85628	     0.371679	     0.658176	     0.478637	     0.378097	     0.659727	    0.0634348	     0.748823	    -0.750143	     0.115570	     0.651099	   -0.0452390	    -0.991272	     0.123830 
80	Pyroxene	337444	     0.145957	     -15.3684	      9.87913	     0.216230	     0.394786	     0.326514	     0.302181	    -0.996907	   -0.0757235	    0.0210137	    0.0690192	    -0.715814	     0.694872	   -0.0375763	     0.694173	     0.718827 
81	Pyroxene	341104	      8.41459	     -8.63047	      10.4082	      1.47055	      2.07423	      1.49064	      1.12932	    -0.848824	    -0.400717	     0.344853	     0.474815	    -0.290985	     0.830589	    -0.232484	     0.868765	     0.437262 
82	Pyroxene	341147	    0.0255470	     -7.00807	      9.97643	     0.142880	     0.200261	     0.182131	     0.182073	 -0.000797475	   0.00201117	     0.999998	     0.725755	    -0.687951	   0.00196236	    -0.687953	    -0.725754	  0.000910991 
83	Pyroxene	344127	    0.0564965	     0.408036	      10.1971	     0.157217	     0.365712	     0.275415	     0.194909	    -0.319186	    -0.521855	     0.791068	     0.896265	    -0.437462	    0.0730451	     0.307943	     0.732321	     0.607352 
84	Pyroxene	344194	      4.16884	      3.10466	      10.1294	      1.21976	      1.79698	      1.16426	     0.957330	    -0.480760	    -0.846162	     0.229955	     0.872542	    -0.487624	    0.0298948	    0.0868357	     0.215018	     0.972742 
85	Pyroxene	346243	     0.532184	     0.529809	      10.0376	     0.792018	     0.875303	     0.606095	     0.390319	    -0.608036	    -0.194417	     0.769736	     0.771477	    -0.373544	     0.515062	     0.187393	     0.907010	     0.377116 
86	Pyroxene	349680	     0.204743	     -2.55951	      10.3695	     0.368351	     0.752231	     0.322481	     0.268908	     0.243751	    -0.743909	     0.622242	    -0.964255	    -0.254636	    0.0733021	    -0.103915	     0.617868	     0.779385 
87	Pyroxene	352385	     0.240728	     -7.45958	      10.9922	     0.245165	     0.470416	     0.425595	     0.360641	    -0.846754	    -0.455802	     0.274323	    -0.441771	     0.889757	     0.114762	     0.296389	    0.0240131	     0.954765 
88	Pyroxene	355441	    0.0285687	      3.35877	      10.9119	     0.143917	     0.237810	     0.216851	     0.184447	     0.260651	    -0.368791	     0.892219	     0.660708	     0.741986	     0.113675	    -0.703936	     0.559866	     0.437063 
89	Pyroxene	357544	     0.124347	      3.13270	      11.0930	     0.421671	     0.440721	     0.324291	     0.247425	    -0.356962	     0.159901	     0.920331	     0.931814	  -0.00821348	     0.362843	   -0.0655779	    -0.987099	     0.146066 
90	Pyroxene	360810	     0.170955	     -7.97820	      11.3499	     0.310803	     0.447980	     0.437622	     0.288689	    -0.572339	     0.777379	     0.260981	    -0.594651	    -0.612608	     0.520675	     0.564640	     0.142810	     0.812888 
91	Pyroxene	362246	     0.221041	     -6.88111	      11.4995	     0.235873	     0.555976	     0.420895	     0.285142	     0.882831	    -0.410558	     0.228148	    -0.439890	    -0.892989	    0.0952214	    -0.164640	     0.184424	     0.968959 
92	Pyroxene	1268374	   0.00576869	     -8.52867	     -2.09134	     0.286007	     0.257145	     0.117405	    0.0931089	    -0.700872	     0.492779	     0.515700	     0.615514	     0.783180	    0.0881569	     0.360444	    -0.379208	     0.852221 
93	Pyroxene	1586514	    0.0436772	      9.02147	     -5.54597	     0.445783	     0.377788	     0.229474	     0.191074	     0.828862	     0.262646	     0.493968	    -0.349528	    -0.446303	     0.823799	    -0.436827	     0.855471	     0.278121 
94	Pyroxene	1678357	   0.00760002	     -2.27880	   -0.0953827	     0.397409	     0.316598	     0.206182	     0.114708	     0.419211	    -0.714762	     0.559802	    -0.779008	    0.0334857	     0.626119	     0.466271	     0.698566	     0.542767 
95	Pyroxene	1705953	      2.40234	      5.90908	      1.55687	      1.52073	      1.30873	     0.995379	     0.833416	   -0.0638444	     0.244604	     0.967519	    -0.764524	    -0.635120	     0.110119	     0.641426	    -0.732661	     0.227554 
96	Pyroxene	1709903	    0.0678507	     -6.47086	      2.25571	     0.472493	     0.311496	     0.298415	     0.198952	    -0.438616	     0.250890	     0.862943	     0.403112	    -0.803288	     0.438440	     0.803191	     0.540170	     0.251198 
97	Pyroxene	1905474	     0.897992	    -0.671425	     -8.81589	      1.14727	     0.922733	     0.739217	     0.437103	    -0.429723	    0.0973600	     0.897696	     0.633267	    -0.676193	     0.376479	     0.643670	     0.730263	     0.228921 
98	Pyroxene	1929045	    0.0486218	     -15.0274	     -7.54805	     0.458735	     0.259744	     0.222594	     0.205214	     0.699036	    -0.243710	     0.672276	    -0.710856	    -0.134711	     0.690317	    0.0776742	     0.960447	     0.267410 
99	Pyroxene	1984443	    0.0471567	      10.1412	     -4.12978	     0.462038	     0.289489	     0.209694	     0.195713	     0.893568	    -0.381231	     0.237064	     0.290252	     0.893461	     0.342755	    -0.342476	    -0.237467	     0.909021 
100	Pyroxene	2101846	     0.337422	      10.2695	      3.17866	     0.812807	     0.647942	     0.383766	     0.346426	    -0.152992	    -0.575880	     0.803091	     0.779129	     0.429616	     0.456496	    -0.607908	     0.695552	     0.382957 
101	Pyroxene	2198395	    0.0369013	     -10.5242	      9.61820	     0.417775	     0.227700	     0.205950	     0.192371	    0.0684386	     0.851210	     0.520345	     0.843668	    -0.327759	     0.425203	    -0.532485	    -0.409898	     0.740570 
102	Pyroxene	2205397	    0.0803953	     -11.8090	      10.1149	     0.476291	     0.312474	     0.297996	     0.224730	    -0.889948	     0.334874	     0.309601	     0.437866	     0.817235	     0.374700	     0.127539	    -0.469027	     0.873926 
103	Pyroxene	2473325	    0.0580531	     -7.96264	      3.38947	     0.485651	     0.307388	     0.261026	     0.200744	    -0.984091	    0.0105157	     0.177352	     0.148355	    -0.500601	     0.852871	    0.0977514	     0.865614	     0.491077 
104	Pyroxene	2550115	   0.00247229	    -0.784506	      8.11348	     0.376550	     0.133022	    0.0937041	    0.0683031	    -0.215910	    -0.904069	     0.368840	    -0.930354	     0.305133	     0.203311	     0.296352	     0.299255	     0.906985 
105	Pyroxene	2639257	     0.226261	     -6.92616	     -9.38600	     0.595773	     0.663590	     0.414602	     0.270378	     0.314139	    -0.948343	    0.0442985	     0.910300	     0.314130	     0.269585	    -0.269574	   -0.0443620	     0.961957 
106	Pyroxene	2704987	      2.28449	      8.25786	     -5.74334	      1.82974	      1.64549	      1.07723	     0.456468	   -0.0327868	    -0.338535	     0.940383	    -0.854783	     0.497092	     0.149149	     0.517949	     0.798933	     0.305672 
107	Pyroxene	2751110	    0.0404724	     -3.50009	     -2.59291	     0.586654	     0.282296	     0.228142	     0.211061	     0.609567	     0.148516	     0.778699	    -0.381930	    -0.805752	     0.452652	    -0.694664	     0.573330	     0.434437 
108	Pyroxene	2811478	    0.0196868	     -7.49507	      1.10033	     0.547680	     0.288685	     0.185232	     0.121454	     0.727832	    -0.394477	     0.560935	    -0.675112	    -0.268631	     0.687067	     0.120347	     0.878763	     0.461835 
109	Pyroxene	2820253	    0.0162073	      7.69157	      1.72871	     0.580869	     0.311509	     0.165382	     0.125210	     0.350084	     0.583501	     0.732780	    -0.921835	     0.353506	     0.158914	    -0.166316	    -0.731136	     0.661649 
110	Pyroxene	2905140	 9.15664e-005	    -0.312461	      7.03037	     0.344669	    0.0238699	    0.0227525	    0.0214363	    -0.272280	     0.624191	     0.732290	     0.791309	    -0.287732	     0.539482	    -0.547443	    -0.726358	     0.415584 
111	Pyroxene	2936932	      2.91886	      5.96521	      9.56810	      1.65373	      1.60570	      1.11689	     0.839428	    -0.605580	    -0.507353	     0.613079	    -0.230123	     0.849141	     0.475397	     0.761785	    -0.146807	     0.630976 
112	Pyroxene	2958111	     0.341726	      10.6125	      10.3712	     0.869236	     0.609664	     0.513445	     0.319135	     0.996737	   -0.0806012	   0.00422424	   -0.0263000	    -0.274861	     0.961124	    0.0763067	     0.958100	     0.276085 
113	Pyroxene	3073623	    0.0546652	     -10.8186	     -5.88803	     0.595841	     0.305926	     0.223460	     0.202845	     0.496790	    -0.843495	     0.204246	    -0.475340	   -0.0675508	     0.877205	     0.726121	     0.532872	     0.434505 
114	Pyroxene	3163855	    0.0412965	     0.188354	    0.0543431	     0.713466	     0.319695	     0.298415	     0.182732	    -0.877749	    -0.478335	    0.0274260	    -0.299244	     0.592020	     0.748308	     0.374179	    -0.648620	     0.662784 
115	Pyroxene	3186181	   0.00119036	     -7.34893	      1.21438	     0.454766	     0.148113	    0.0699161	    0.0397975	     0.789036	    -0.441478	     0.427222	    -0.386407	     0.183995	     0.903790	     0.477610	     0.878204	    0.0254120 
116	Pyroxene	3288880	     0.384945	     -5.01765	      7.82690	     0.907253	     0.706963	     0.617353	     0.347287	    -0.614133	    -0.519286	     0.594291	    -0.571449	     0.811969	     0.118962	     0.544321	     0.266548	     0.795403 
117	Pyroxene	3498291	 9.15664e-005	     -8.39181	     -2.61128	     0.436581	    0.0238699	    0.0227525	    0.0214363	    -0.272280	     0.624191	     0.732290	     0.791309	    -0.287732	     0.539482	    -0.547443	    -0.726358	     0.415584 
118	Pyroxene	3501142	    0.0125446	     -6.77387	     -2.36844	     0.639162	     0.299655	     0.202617	    0.0850555	    -0.569089	    -0.415650	     0.709488	    -0.364170	     0.901003	     0.235743	     0.737237	     0.124215	     0.664118 
119	Pyroxene	3501146	      1.10319	     -6.68793	     -2.20715	      1.13468	      1.11868	     0.626735	     0.481721	    -0.676272	     0.736607	   0.00814162	    -0.298210	    -0.283857	     0.911316	     0.673592	     0.613870	     0.411628 
120	Pyroxene	3540643	      1.74178	    -0.666633	    0.0260947	      1.59696	      1.48781	     0.854832	     0.475999	   -0.0630916	    -0.187577	     0.980222	     0.997358	   -0.0472771	    0.0551476	    0.0359976	     0.981111	     0.190064 
121	Pyroxene	3682682	    0.0700483	     0.683274	      9.22720	     0.739624	     0.323270	     0.281374	     0.249296	     0.739052	  -0.00459138	     0.673633	    -0.494280	     0.675724	     0.546887	    -0.457701	    -0.737140	     0.497126 
122	Pyroxene	3719892	     0.786006	     -1.49929	      11.5314	      1.71566	      1.50374	     0.445644	     0.401999	    -0.303972	   -0.0176155	     0.952518	     0.876332	    -0.397354	     0.272311	     0.373690	     0.917497	     0.136221 
123	Pyroxene	3750260	     0.231938	      4.47158	     -10.0809	      1.04731	     0.762312	     0.370971	     0.243642	    -0.684194	     0.208706	     0.698799	     0.588665	    -0.407597	     0.698096	     0.430526	     0.888992	     0.156018 
124	Pyroxene	3768717	    0.0329639	      12.8109	     -9.06136	     0.666423	     0.241091	     0.183712	     0.183222	 -0.000130347	    -0.418334	     0.908293	    0.0345372	     0.907749	     0.418089	    -0.999403	    0.0314244	    0.0143298 
125	Pyroxene	3812517	    0.0312242	     -9.00088	     -6.22690	     0.650008	     0.212107	     0.195585	     0.184491	     0.657037	 -0.000475889	     0.753858	    -0.753857	  0.000629517	     0.657038	 -0.000787243	     -1.00000	 5.48641e-005 
126	Pyroxene	3931359	   0.00521929	     -7.43663	      1.12534	     0.669361	     0.204601	     0.147137	    0.0629310	     0.330174	    -0.502135	     0.799278	    -0.932108	   -0.0399065	     0.359974	     0.148859	     0.863868	     0.481220 
127	Pyroxene	4039827	    0.0279278	      1.85391	      8.10011	     0.706238	     0.283451	     0.192094	     0.163333	     0.581580	     0.541592	     0.606995	    -0.536533	    -0.305492	     0.786643	     0.611471	    -0.783169	     0.112914 
128	Pyroxene	4139378	   0.00109880	     -10.5597	     -9.18949	     0.570000	     0.105242	    0.0706120	    0.0410362	    0.0859606	    -0.986338	     0.140530	     0.601967	     0.163813	     0.781538	    -0.793881	    0.0174134	     0.607824 
129	Pyroxene	4140785	   0.00201446	     -10.4397	     -9.18108	     0.613209	     0.147430	     0.104140	    0.0483173	     0.412128	    -0.714477	     0.565397	     0.655495	     0.663513	     0.360661	    -0.632832	     0.221977	     0.741788 
130	Pyroxene	4241883	     0.303634	      15.0383	     -2.92732	     0.940226	     0.727859	     0.403606	     0.309139	    -0.942079	     0.321204	    0.0965122	   -0.0242981	    -0.352369	     0.935546	     0.334509	     0.879013	     0.339764 
131	Pyroxene	4300450	    0.0599760	     -6.71306	      1.13920	     0.837071	     0.314795	     0.277635	     0.197606	    -0.363004	     0.919526	     0.150664	     0.591449	     0.102440	     0.799809	    -0.720011	    -0.379444	     0.581039 
132	Pyroxene	4304652	   0.00210603	     -7.44397	      1.23205	     0.602944	     0.145663	    0.0923514	    0.0522979	     0.673357	    -0.568770	     0.472325	    -0.723938	    -0.377619	     0.577337	     0.150013	     0.730688	     0.666027 
133	Pyroxene	4310612	    0.0141928	      7.63349	      1.72196	     0.753299	     0.278271	     0.158429	     0.148140	     0.501087	     0.657794	     0.562333	    -0.857549	     0.290110	     0.424790	     0.116286	    -0.695085	     0.709461 
134	Pyroxene	4429972	    0.0126362	     0.674291	      9.46551	     0.665846	     0.272813	     0.154857	    0.0986027	    -0.563175	     0.666705	     0.488199	     0.824811	     0.417650	     0.381124	   -0.0502008	    -0.617311	     0.785116 
135	Pyroxene	4456885	    0.0325061	      9.71939	      11.0269	     0.699960	     0.223395	     0.217470	     0.190292	     0.182465	    -0.228312	     0.956337	    0.0561538	     0.973498	     0.221695	    -0.981608	    0.0132505	     0.190450 
136	Pyroxene	4633913	     0.315172	      4.16716	     -1.64378	      1.10807	     0.630650	     0.482301	     0.361287	     0.999931	  -0.00946692	   0.00695409	  -0.00607550	    0.0898646	     0.995936	   -0.0100534	    -0.995909	    0.0898009 
137	Pyroxene	4744146	     0.148338	     -2.24695	      5.67892	     0.912710	     0.413770	     0.361037	     0.256072	    -0.129553	    -0.138034	     0.981918	    -0.402638	     0.912272	    0.0751200	     0.906145	     0.385625	     0.173766 
138	Pyroxene	4807022	    0.0541158	      11.6712	      9.58684	     0.790303	     0.265501	     0.247320	     0.203680	     0.648867	     0.256318	     0.716431	    -0.497797	    -0.569103	     0.654461	    -0.575473	     0.781295	     0.241678 
139	Pyroxene	4975558	    0.0208771	      3.48368	     -3.32794	     0.726678	     0.272655	     0.203444	     0.140542	     0.789972	     0.194239	     0.581563	    -0.116805	    -0.883450	     0.453731	    -0.601914	     0.426364	     0.675213 
140	Pyroxene	4995224	  0.000824098	      2.58895	     -2.18052	     0.661717	    0.0938606	    0.0687712	    0.0297202	  0.000143501	    -0.917080	     0.398704	 6.65069e-005	     0.398704	     0.917080	     -1.00000	 -0.000105086	  0.000118206 
141	Pyroxene	5011065	    0.0441350	     -12.0516	     -1.08962	     0.811498	     0.239326	     0.229086	     0.197214	    -0.698610	   -0.0398988	     0.714390	     0.448822	    -0.802018	     0.394115	     0.557229	     0.595966	     0.578205 
142	Pyroxene	5182858	     0.492627	    -0.466486	      9.99971	      1.41731	     0.917971	     0.420755	     0.391481	    -0.328286	     0.406720	     0.852530	     0.873216	    -0.213468	     0.438092	    -0.360169	    -0.888262	     0.285076 
143	Pyroxene	5237575	    0.0807616	     -5.52560	     -10.2634	     0.916121	     0.323594	     0.255016	     0.244539	     0.314918	     0.779104	     0.542054	     0.683294	    -0.582488	     0.440246	    -0.658737	    -0.231741	     0.715794 
144	Pyroxene	5288534	    0.0129109	      9.88274	     -7.45811	     0.878828	     0.372493	     0.189111	     0.113176	     0.410107	    -0.739476	     0.533843	     0.570901	     0.664612	     0.482041	    -0.711256	     0.107083	     0.694729 
145	Pyroxene	5289939	     0.354087	      9.65695	     -7.80271	      1.07672	     0.871542	     0.430489	     0.358434	    -0.335860	    -0.940195	    0.0568403	     0.493252	    -0.124150	     0.860982	    -0.802434	     0.317206	     0.505450 
146	Pyroxene	5362752	 9.15664e-005	     -3.70489	     -2.52201	     0.666360	    0.0238699	    0.0227525	    0.0214363	    -0.272280	     0.624191	     0.732290	     0.791309	    -0.287732	     0.539482	    -0.547443	    -0.726358	     0.415584 
147	Pyroxene	5426976	    0.0437688	      7.61016	      1.63357	     0.948151	     0.360994	     0.244419	     0.179331	     0.653502	    -0.428198	     0.624164	     0.199315	     0.892852	     0.403843	    -0.730211	    -0.139507	     0.668827 
148	Pyroxene	5545621	     0.133046	     0.491119	      9.31147	      1.04967	     0.431029	     0.334509	     0.269982	     0.572941	     0.268407	     0.774401	     0.265064	    -0.954760	     0.134811	    -0.775551	    -0.128027	     0.618166 
149	Pyroxene	5578870	    0.0456917	      9.61293	      11.0595	     0.936828	     0.325924	     0.229858	     0.192621	     0.125279	    -0.888828	     0.440783	     0.489238	     0.441854	     0.751938	    -0.863105	     0.121446	     0.490204 
150	Pyroxene	5608593	    0.0753592	     -13.1107	     -10.3559	     0.955536	     0.388445	     0.234579	     0.205372	    -0.591680	     0.580189	     0.559727	     0.777889	     0.228588	     0.585352	    -0.211668	    -0.781747	     0.586574 
151	Pyroxene	5628909	     0.538777	      14.9361	     -9.07079	      1.38484	     0.735985	     0.542780	     0.373025	    -0.673602	     0.340687	     0.655891	     0.450525	    -0.514226	     0.729794	     0.585907	     0.787086	     0.192895 
152	Pyroxene	5634220	    0.0411133	      1.40338	     -9.10760	     0.939131	     0.365638	     0.244975	     0.164168	    -0.656543	     0.742936	     0.130376	     0.261485	    0.0620461	     0.963211	    -0.707515	    -0.666481	     0.235002 
153	Pyroxene	5689217	 9.15664e-005	      8.48108	     -5.46807	     0.712316	    0.0238699	    0.0227525	    0.0214363	    -0.272280	     0.624191	     0.732290	     0.791309	    -0.287732	     0.539482	    -0.547443	    -0.726358	     0.415584 
154	Pyroxene	5797459	    0.0142844	      7.66402	      1.40434	     0.899700	     0.397404	     0.209211	     0.127930	     0.685590	     0.633888	     0.357983	     0.450927	    -0.755822	     0.474761	    -0.571516	     0.164067	     0.804022 
155	Pyroxene	5819933	   0.00851568	      6.64152	      2.85292	     0.893206	     0.204998	     0.180709	    0.0683201	    -0.192183	   -0.0233335	     0.981082	     0.981154	   -0.0249983	     0.191603	    0.0200546	     0.999415	    0.0276980 
156	Pyroxene	6022199	   0.00100723	     -2.23187	     -7.98884	     0.831803	    0.0941832	    0.0872440	    0.0297688	-2.26500e-005	    -0.895626	     0.444808	 1.41694e-005	     0.444808	     0.895626	     -1.00000	 2.65886e-005	 2.61559e-006 
157	Pyroxene	6027392	    0.0192290	      10.0128	     -7.59849	     0.902391	     0.234100	     0.177496	     0.142497	     0.670358	   -0.0288469	     0.741477	    0.0191025	     0.999584	    0.0216180	    -0.741792	 -0.000327694	     0.670630 
158	Pyroxene	6121263	    0.0142844	     -4.69765	     -1.58979	     0.936819	     0.268726	     0.189628	     0.139994	     0.853120	    -0.281476	     0.439269	   -0.0371164	     0.807093	     0.589256	    -0.520392	    -0.519010	     0.678100 
159	Pyroxene	6172163	 9.15664e-005	      7.81152	      1.53999	     0.758272	    0.0238699	    0.0227525	    0.0214363	    -0.272280	     0.624191	     0.732290	     0.791309	    -0.287732	     0.539482	    -0.547443	    -0.726358	     0.415584 
160	Pyroxene	6261119	      1.06437	     -6.61419	      6.91840	      1.67032	     0.950580	     0.695230	     0.520909	   -0.0255743	    -0.449152	     0.893089	    -0.821351	     0.518700	     0.237344	     0.569849	     0.727470	     0.382177 
161	Pyroxene	6266043	    0.0399230	     -6.39420	      7.59362	     0.991294	     0.294547	     0.233491	     0.195200	    -0.587985	     0.329395	     0.738765	     0.744611	    -0.136336	     0.653427	    -0.315956	    -0.934297	     0.165108 
