Number	Component	Unique#	Volume (mm^3)	PEllipsoid X (mm)	PEllipsoid Y (mm)	PEllipsoid Z (mm)	PEllipsoid Rad1 (mm)	PEllipsoid Rad2 (mm)	PEllipsoid Rad3 (mm)	PEllipsoid X1 (dmls)	PEllipsoid Y1 (dmls)	PEllipsoid Z1 (dmls)	PEllipsoid X2 (dmls)	PEllipsoid Y2 (dmls)	PEllipsoid Z2 (dmls)	PEllipsoid X3 (dmls)	PEllipsoid Y3 (dmls)	PEllipsoid Z3 (dmls) 
1	Oxide	93694	    0.0265543	     -6.96343	     -5.78051	     0.271272	     0.252262	     0.169291	     0.169150	  0.000389529	 -0.000184387	      1.00000	    -0.568562	     0.822641	  0.000373155	    -0.822641	    -0.568562	  0.000215608 
2	Oxide	158873	    0.0875375	      15.4718	     -1.55179	     0.366122	     0.404456	     0.266285	     0.223400	    -0.334027	     0.551679	     0.764249	     0.583957	    -0.515341	     0.627230	    -0.739878	    -0.655801	     0.150019 
3	Oxide	232879	    0.0347037	     -7.27788	      3.15609	     0.137341	     0.266411	     0.196208	     0.181667	    0.0386304	    -0.981626	     0.186861	   -0.0103982	     0.186596	     0.982382	     0.999200	    0.0398928	   0.00299887 
4	Oxide	239908	     0.331471	     -7.42779	      3.99331	     0.328723	     0.609193	     0.432286	     0.345799	    -0.356817	     0.875216	     0.326617	    -0.207278	    -0.415092	     0.885852	     0.910888	     0.248387	     0.329525 
5	Oxide	256079	     0.218844	     -7.46316	      4.86933	     0.417294	     0.548384	     0.362994	     0.315875	    -0.412539	     0.843006	     0.345186	     0.514724	   -0.0969227	     0.851860	    -0.751579	    -0.529101	     0.393931 
6	Oxide	266580	      1.37634	     -9.67299	      4.91719	      1.38444	      1.34022	     0.825941	     0.609351	    -0.150383	    -0.237961	     0.959562	    -0.565217	     0.817023	     0.114032	     0.811120	     0.525212	     0.257366 
7	Oxide	274342	    0.0879038	     -7.89099	      5.90307	     0.161565	     0.371855	     0.261003	     0.239348	     0.184032	    -0.982517	    0.0281366	     0.917171	     0.181945	     0.354534	    -0.353455	   -0.0394396	     0.934620 
8	Oxide	313668	     0.357475	     -10.0269	      8.58104	     0.724201	     0.818975	     0.447028	     0.373276	    -0.470045	     0.521106	     0.712394	     0.829980	     0.535574	     0.155865	     0.300318	    -0.664536	     0.684252 
9	Oxide	322725	    0.0300338	     -13.4135	      8.81584	     0.144103	     0.208694	     0.201042	     0.186135	     0.999994	  0.000470283	   0.00356707	  -0.00356787	   0.00171370	     0.999992	  0.000464102	    -0.999998	   0.00171536 
10	Oxide	332300	     0.541707	      5.78875	      9.79633	     0.416186	     0.739746	     0.486372	     0.447535	    -0.605351	     0.645843	     0.465228	    -0.297742	    -0.725790	     0.620144	     0.738174	     0.236887	     0.631652 
11	Oxide	335408	     0.111803	     -12.2144	      9.69449	     0.216465	     0.352927	     0.341641	     0.249652	    -0.613044	    -0.159675	     0.773745	     0.733877	    -0.477779	     0.482859	     0.292578	     0.863847	     0.410081 
12	Oxide	347363	     0.396116	     -11.8995	      10.7618	     0.286040	     0.773866	     0.469202	     0.345519	    -0.868784	    -0.439918	     0.227346	    -0.263664	     0.799568	     0.539605	     0.419160	    -0.408857	     0.810642 
13	Oxide	2064027	     0.179836	     -14.8447	      1.01823	     0.660680	     0.483232	     0.371163	     0.271812	    0.0492508	    -0.841671	     0.537741	    -0.376936	     0.482918	     0.790385	     0.924929	     0.241621	     0.293472 
14	Oxide	2566659	     0.117113	     -15.4288	      9.27664	     0.593330	     0.377119	     0.312081	     0.254361	     0.416847	    -0.496608	     0.761327	    -0.710487	     0.344412	     0.613668	     0.566962	     0.796719	     0.209266 
15	Oxide	2765148	    0.0600676	     -4.51574	     -1.73936	     0.533989	     0.288422	     0.230892	     0.219552	   -0.0876473	     0.996066	    0.0130705	    -0.642285	   -0.0665366	     0.763572	     0.761438	    0.0585300	     0.645590 
16	Oxide	3227640	    0.0947713	     -8.16224	      3.93872	     0.628496	     0.378898	     0.294990	     0.219702	    -0.352739	    -0.770688	     0.530674	    -0.259661	     0.625475	     0.735770	     0.898973	    -0.121739	     0.420747 
17	Oxide	3346349	    0.0890026	     -12.5941	      11.2647	     0.583451	     0.461738	     0.233646	     0.217428	   -0.0725579	    -0.995274	    0.0645361	    -0.849669	    0.0955692	     0.518583	     0.522300	    0.0172070	     0.852588 
18	Oxide	3564916	     0.843144	     -15.3377	      1.78056	      1.04817	     0.788306	     0.629445	     0.475514	    -0.298532	    -0.821915	     0.485112	    0.0175699	     0.503471	     0.863833	     0.954238	    -0.266405	     0.135861 
19	Oxide	4098624	     0.116198	     -9.59072	     -11.6432	     0.883425	     0.472776	     0.272765	     0.228340	     0.411930	   0.00108832	     0.911215	    -0.910962	    0.0240722	     0.411787	   -0.0214868	    -0.999710	    0.0109075 
20	Oxide	4210548	    0.0682170	     -3.10431	     -4.54885	     0.737410	     0.308595	     0.253158	     0.214545	    -0.717283	     0.694173	    0.0602367	     0.265899	     0.192790	     0.944526	    -0.644051	    -0.693510	     0.322865 
21	Oxide	4760775	    0.0648290	     -12.9463	      6.61413	     0.797834	     0.327849	     0.238286	     0.209791	    -0.278963	    -0.699696	     0.657727	     0.925617	   -0.0135014	     0.378221	    -0.255759	     0.714313	     0.651417 
22	Oxide	4796916	     0.544363	    -0.368599	      9.08574	      1.18433	     0.804488	     0.517514	     0.382895	    -0.597180	     0.528856	     0.603065	     0.526143	    -0.309226	     0.792182	    -0.605434	    -0.790374	    0.0935901 
23	Oxide	4982317	    0.0419374	     -8.67852	     -2.90140	     0.828484	     0.258479	     0.205874	     0.192183	    -0.303818	     0.269624	     0.913782	    -0.594865	    -0.802874	    0.0391154	     0.744198	    -0.531693	     0.404317 
24	Oxide	4988585	    0.0913833	     -11.3565	     -2.42383	     0.922320	     0.369240	     0.265744	     0.228266	    -0.206818	     0.492346	     0.845471	     0.925198	    -0.182608	     0.332660	    -0.318174	    -0.851029	     0.417751 
25	Oxide	5232449	     0.168849	     -14.8006	     -10.7047	      1.03453	     0.573638	     0.388369	     0.228037	    0.0179316	    -0.841841	     0.539428	    -0.464173	     0.470842	     0.750234	     0.885563	     0.263841	     0.382317 
26	Oxide	5760674	     0.131215	     -2.67021	    -0.972837	     0.977773	     0.417738	     0.326621	     0.249458	    -0.375584	    -0.789599	     0.485253	     0.905427	    -0.424379	    0.0102510	     0.197837	     0.443211	     0.874314 
27	Oxide	6461624	    0.0412049	    0.0867463	     -3.61375	     0.984481	     0.247278	     0.212066	     0.192408	     0.669159	     0.313536	     0.673737	    -0.411159	    -0.599007	     0.687124	    -0.619011	     0.736808	     0.271918 
28	Oxide	6825596	     0.204376	     -8.33535	     -4.17434	      1.50302	     0.709350	     0.388851	     0.231476	    -0.414602	    0.0332874	     0.909394	     0.855338	    -0.326885	     0.401923	     0.310646	     0.944478	     0.107055 
29	Oxide	6987967	    0.0523760	     -8.99186	      6.21270	      1.03241	     0.322600	     0.210757	     0.192855	     0.565898	     0.771073	     0.291900	    -0.576140	     0.116580	     0.808994	     0.589764	    -0.625984	     0.510218 
30	Oxide	7326807	     0.865578	     -9.62761	      3.55467	      1.56405	      1.00877	     0.615300	     0.475150	    -0.287206	     0.956345	    0.0540114	    -0.612827	    -0.226793	     0.756973	     0.736176	     0.184307	     0.651211 
31	Oxide	7700808	    0.0988002	     -9.34097	      4.07420	      1.32971	     0.437213	     0.311935	     0.296070	    -0.282012	     0.178821	     0.942599	    0.0896794	    -0.973262	     0.211469	     0.955210	     0.144169	     0.258435 
32	Oxide	7876788	     0.153465	      1.15112	     -8.17837	      1.25899	     0.509780	     0.317065	     0.241510	    -0.326391	     0.928503	     0.177062	     0.705420	     0.114587	     0.699465	    -0.629167	    -0.353202	     0.692385 
33	Oxide	8047059	     0.106034	      7.65290	      2.48699	      1.33073	     0.494926	     0.251107	     0.229611	    -0.224876	     0.188631	     0.955955	     0.885620	     0.448696	     0.119793	     0.406336	    -0.873551	     0.267956 
34	Oxide	8145080	    0.0197784	     -10.0806	      8.64215	      1.20973	     0.310025	     0.164703	     0.139313	     0.665964	     0.647023	     0.371285	     0.459699	    -0.747928	     0.478833	    -0.587511	     0.148206	     0.795529 
35	Oxide	8147092	     0.440160	     -14.6633	      8.63610	      1.57252	     0.887699	     0.438587	     0.356052	    -0.543902	    -0.548530	     0.635047	     0.216442	     0.639465	     0.737724	     0.810755	    -0.538701	     0.229081 
36	Oxide	8200807	     0.415162	     -2.02898	     -11.4846	      1.51420	     0.630077	     0.491875	     0.383026	    -0.953236	     0.142962	     0.266277	     0.186144	    -0.416389	     0.889927	     0.238100	     0.897876	     0.370306 
37	Oxide	8517668	    0.0152916	     -10.2338	      8.66295	      1.26444	     0.271911	     0.199101	     0.134135	     0.358456	     0.735649	     0.574744	    -0.932612	     0.254642	     0.255720	    0.0417661	    -0.627678	     0.777352 
38	Oxide	8521888	 9.15664e-005	     -10.2219	      8.81586	      1.03401	    0.0238699	    0.0227525	    0.0214363	    -0.272280	     0.624191	     0.732290	     0.791309	    -0.287732	     0.539482	    -0.547443	    -0.726358	     0.415584 
39	Oxide	8839419	    0.0471567	      11.1550	      5.36928	      1.29724	     0.253996	     0.223507	     0.203422	    -0.201220	    -0.156659	     0.966938	     0.965553	    -0.197980	     0.168856	     0.164981	     0.967606	     0.191100 
40	Oxide	9100559	     0.566796	     -5.62004	     -1.89080	      1.59494	     0.742586	     0.701266	     0.320221	     0.506428	    -0.548050	     0.665712	    -0.854777	    -0.217430	     0.471255	     0.113526	     0.807691	     0.578573 
41	Oxide	9113227	    0.0312242	     -5.01521	    -0.870425	      1.29339	     0.212118	     0.195559	     0.184494	    -0.657746	  0.000115520	     0.753240	     0.753234	   0.00399406	     0.657741	   0.00293256	    -0.999992	   0.00271409 
42	Oxide	10118507	     0.134969	     -5.36424	     -7.86898	      1.51639	     0.384680	     0.306158	     0.283529	     0.545587	     0.796922	     0.259327	     0.550837	    -0.574211	     0.605690	    -0.631596	     0.187610	     0.752256 
43	Oxide	10261899	     0.942493	     -6.66457	     0.720501	      1.82951	     0.860943	     0.801941	     0.438529	    -0.686006	    -0.648255	     0.330395	     0.727544	    -0.605725	     0.322144	  -0.00870312	     0.461369	     0.887165 
44	Oxide	10379212	      1.43750	     -10.2592	      9.06694	      2.03159	      1.09842	     0.722757	     0.623545	     0.480168	     0.844432	     0.237428	    -0.855201	     0.390456	     0.340845	     0.195115	    -0.366712	     0.909644 
45	Oxide	10510631	    0.0233494	     -12.1413	     -6.76252	      1.44763	     0.179596	     0.178241	     0.178208	  0.000494295	  -0.00690060	     0.999976	     0.892060	     0.451909	   0.00267757	    -0.451917	     0.892037	   0.00637913 
46	Oxide	10653993	    0.0233494	     -14.3732	      2.34348	      1.44763	     0.179596	     0.178241	     0.178208	  0.000494295	  -0.00690060	     0.999976	     0.892060	     0.451909	   0.00267757	    -0.451917	     0.892037	   0.00637913 
47	Oxide	11177737	     0.660744	     -14.1700	     -11.1308	      1.85699	     0.804160	     0.535834	     0.456747	    0.0308573	     0.991405	     0.127137	     0.894421	   -0.0841657	     0.439234	    -0.446160	    -0.100161	     0.889331 
48	Oxide	11188267	   0.00457832	     -14.7114	     -11.0263	      1.47762	     0.155931	     0.140766	    0.0610184	    -0.282225	     0.897830	     0.338009	    -0.631118	    -0.439114	     0.639428	     0.722522	   -0.0328613	     0.690566 
49	Oxide	11744950	     0.279278	      12.5392	     0.354597	      2.01353	     0.637345	     0.403040	     0.280206	    -0.111005	    -0.510100	     0.852922	    0.0529785	     0.853969	     0.517620	     0.992407	    -0.102645	    0.0677708 
50	Oxide	11902220	     0.365075	      3.65222	      10.5930	      1.93433	     0.687957	     0.428236	     0.379593	     0.230532	    -0.451602	     0.861923	     0.567468	     0.781955	     0.257927	    -0.790465	     0.429654	     0.436536 
51	Oxide	11934853	  0.000183133	     -14.6857	     -11.0254	      1.49357	    0.0447248	    0.0266674	    0.0258118	 6.68475e-006	     -1.00000	 1.20431e-006	    -0.231187	-3.73736e-007	     0.972909	     0.972909	 6.78207e-006	     0.231187 
52	Oxide	12920323	     0.197784	      10.8667	      4.21156	      1.92406	     0.484738	     0.439973	     0.247891	     0.298456	     0.920042	     0.253863	     0.640828	    -0.390287	     0.661072	    -0.707293	    0.0346184	     0.706072 
53	Oxide	13044549	    0.0655616	      1.48817	     -11.5568	      1.82196	     0.305657	     0.253592	     0.208450	    -0.252889	    -0.933656	     0.253641	    -0.907030	     0.320018	     0.273652	     0.336666	     0.160856	     0.927783 
54	Oxide	13599705	    0.0233494	     -8.03471	     0.111618	      1.81528	     0.179596	     0.178241	     0.178208	  0.000494295	  -0.00690060	     0.999976	     0.892060	     0.451909	   0.00267757	    -0.451917	     0.892037	   0.00637913 
55	Oxide	13638716	     0.108323	      7.27642	      2.35835	      2.09147	     0.511002	     0.245004	     0.226395	   -0.0484134	    -0.516234	     0.855078	    -0.472476	     0.766084	     0.435755	     0.880013	     0.382907	     0.280997 
56	Oxide	13820784	     0.472849	      6.20914	     -9.64355	      2.28557	      1.01756	     0.441319	     0.333062	    -0.854135	    -0.224946	     0.468884	    -0.198606	     0.974367	     0.105661	     0.480634	   0.00287479	     0.876917 
57	Oxide	14031381	     0.254097	     -6.49320	      3.72589	      2.05656	     0.619314	     0.379531	     0.287071	    0.0711624	    -0.970230	     0.231497	     0.315935	     0.242061	     0.917383	    -0.946108	   0.00785515	     0.323755 
58	Oxide	14943497	     0.311967	      7.96714	     -9.27321	      2.33286	     0.629235	     0.405944	     0.316710	    -0.112797	    -0.611924	     0.782832	    0.0453106	     0.783872	     0.619267	     0.992584	    -0.105322	    0.0606921 
59	Oxide	15080877	    0.0663857	     -10.3231	    -0.485886	      2.16115	     0.393246	     0.209408	     0.200088	    -0.486396	    -0.131120	     0.863844	     0.873734	   -0.0761738	     0.480402	   0.00281204	     0.988436	     0.151615 
60	Oxide	15209749	     0.968498	    -0.458438	      7.97150	      2.81199	      1.12096	     0.542112	     0.448958	    -0.195712	     0.490164	     0.849374	    -0.918336	    -0.395454	    0.0166103	     0.344030	    -0.776760	     0.527530 
61	Oxide	15378989	     0.109056	     -8.40172	     -5.06802	      2.11777	     0.439906	     0.256786	     0.239210	  -0.00753611	     0.999207	    0.0391102	     0.998421	   0.00534136	    0.0559215	   -0.0556682	   -0.0394698	     0.997669 
62	Oxide	15511200	     0.347769	     -6.08985	      3.08952	      2.49176	     0.571689	     0.520264	     0.377904	     0.787158	   -0.0189338	     0.616461	    -0.527984	     0.495925	     0.689413	    -0.318772	    -0.868159	     0.380375 
63	Oxide	15643902	     0.108323	     -13.7540	      11.5641	      2.18019	     0.385123	     0.330561	     0.227600	    -0.471467	    -0.750464	     0.463166	    -0.598329	     0.658035	     0.457157	     0.647859	    0.0615913	     0.759266 
64	Oxide	16522232	    0.0484386	     -1.07968	     -3.57631	      2.22734	     0.265804	     0.216044	     0.207339	     0.407875	    -0.714267	     0.568735	     0.264445	     0.688621	     0.675181	    -0.873903	    -0.124990	     0.469756 
65	Oxide	16959780	      2.52055	      11.5579	      1.32678	      3.49583	      1.81088	     0.891567	     0.574152	    -0.281889	     0.601589	     0.747415	     0.290518	    -0.688917	     0.664073	     0.914406	     0.404333	    0.0194255 
66	Oxide	17389523	     0.416536	     -10.7103	      4.04415	      2.48548	     0.646456	     0.432906	     0.396705	    -0.271006	    -0.938428	     0.214262	    -0.900366	     0.325856	     0.288374	     0.340436	     0.114763	     0.933238 
67	Oxide	17852818	 9.15664e-005	     -9.73092	      9.84252	      2.18290	    0.0238699	    0.0227525	    0.0214363	    -0.272280	     0.624191	     0.732290	     0.791309	    -0.287732	     0.539482	    -0.547443	    -0.726358	     0.415584 
68	Oxide	17987664	     0.161981	     -15.4799	     -5.18794	      2.58044	     0.450782	     0.345974	     0.265361	   -0.0164174	    -0.400942	     0.915956	    -0.216455	     0.895781	     0.388232	     0.976155	     0.191889	     0.101492 
69	Oxide	18074739	    0.0134603	      11.6599	     0.345800	      2.37435	     0.208200	     0.180477	     0.119620	     0.675844	     0.691038	     0.256322	    -0.271612	   -0.0897830	     0.958210	     0.685173	    -0.717220	     0.127015 
70	Oxide	18100300	     0.179562	     -8.49975	      2.13576	      2.58798	     0.490741	     0.322539	     0.289553	    -0.232585	     0.879158	     0.415915	     0.775882	   -0.0901335	     0.624406	    -0.586440	    -0.467928	     0.661160 
71	Oxide	18283296	    0.0294844	      1.09360	     -10.0657	      2.43565	     0.216317	     0.182444	     0.182222	    -0.682446	 -0.000943648	     0.730936	     0.730770	   -0.0222333	     0.682262	    0.0156071	     0.999752	    0.0158626 
72	Oxide	18580395	     0.149894	     -11.3069	      8.89812	      2.67009	     0.641987	     0.326725	     0.238801	    -0.889449	     0.210688	     0.405576	    -0.191793	    -0.977553	    0.0872065	     0.414845	 -0.000220984	     0.909892 
73	Oxide	18683221	    0.0363519	     -2.55823	     -8.37733	      2.48531	     0.240644	     0.198992	     0.186538	    -0.266383	    -0.859335	     0.436558	     0.963340	    -0.222377	     0.150085	   -0.0318924	     0.460534	     0.887069 
74	Oxide	18931107	     0.360955	     -15.0116	      7.30556	      2.83371	     0.678913	     0.470185	     0.347979	    -0.217969	    -0.683762	     0.696390	    -0.814629	     0.520423	     0.256008	     0.537466	     0.511497	     0.670448 
75	Oxide	18955802	 9.15664e-005	     -10.7576	      8.90514	      2.32077	    0.0238699	    0.0227525	    0.0214363	    -0.272280	     0.624191	     0.732290	     0.791309	    -0.287732	     0.539482	    -0.547443	    -0.726358	     0.415584 
76	Oxide	19196730	   0.00164820	      11.6232	     0.443421	      2.46768	     0.154862	    0.0683968	    0.0565880	    -0.462483	    -0.569296	     0.679714	     0.868643	    -0.444563	     0.218687	     0.177678	     0.691568	     0.700117 
77	Oxide	19567214	   0.00622652	      11.7191	     0.427596	      2.51195	     0.211208	     0.120268	    0.0765244	    -0.642204	    -0.466333	     0.608365	     0.596176	    -0.802732	    0.0140145	     0.481818	     0.371692	     0.793534 
78	Oxide	20113569	    0.0241735	     -14.1876	      11.3645	      2.63445	     0.203417	     0.175338	     0.173892	    -0.597229	    -0.367772	     0.712784	     0.628133	     0.338161	     0.700782	    -0.498764	     0.866251	    0.0290501 
79	Oxide	20314499	 9.15664e-005	      11.6057	     0.513329	      2.50460	    0.0238699	    0.0227525	    0.0214363	    -0.272280	     0.624191	     0.732290	     0.791309	    -0.287732	     0.539482	    -0.547443	    -0.726358	     0.415584 
80	Oxide	20579062	     0.412690	     -9.37431	     -6.56800	      3.25179	     0.783523	     0.472817	     0.344074	   -0.0728622	    -0.642886	     0.762489	    -0.246454	     0.752417	     0.610843	     0.966411	     0.143411	     0.213265 
81	Oxide	20687090	 9.15664e-005	      11.6503	     0.513329	      2.55055	    0.0238699	    0.0227525	    0.0214363	    -0.272280	     0.624191	     0.732290	     0.791309	    -0.287732	     0.539482	    -0.547443	    -0.726358	     0.415584 
82	Oxide	20939832	     0.429355	     -3.63974	     -6.85853	      3.23068	     0.779912	     0.451707	     0.354956	    -0.210408	   -0.0519723	     0.976231	     0.744343	    -0.655896	     0.125511	     0.633783	     0.753060	     0.176691 
83	Oxide	21059681	 9.15664e-005	      11.6950	     0.513329	      2.59651	    0.0238699	    0.0227525	    0.0214363	    -0.272280	     0.624191	     0.732290	     0.791309	    -0.287732	     0.539482	    -0.547443	    -0.726358	     0.415584 
84	Oxide	21373654	    0.0531085	    -0.235114	     -3.12224	      2.86282	     0.255293	     0.235962	     0.219648	    -0.406907	     0.384900	     0.828419	    -0.107525	    -0.920770	     0.374993	     0.907119	    0.0635114	     0.416055 
85	Oxide	21623957	     0.624392	      1.08184	     -11.0641	      3.35137	     0.747762	     0.666119	     0.378894	    -0.768780	    -0.125623	     0.627053	     0.547203	    -0.636680	     0.543330	     0.330978	     0.760827	     0.558209 
86	Oxide	21669493	    0.0474314	     -5.75764	     -7.97771	      2.86608	     0.256134	     0.222811	     0.203079	    -0.469456	    -0.647548	     0.600244	     0.870530	    -0.453096	     0.192046	     0.147609	     0.612687	     0.776419 
87	Oxide	21948490	     0.166743	     -10.0248	      9.98350	      2.97408	     0.615360	     0.318619	     0.288274	    -0.512558	     0.847767	     0.136293	    -0.574097	    -0.456386	     0.679797	     0.638511	     0.270190	     0.720625 
88	Oxide	23108659	    0.0541158	    -0.101800	     -11.1809	      3.03047	     0.281631	     0.239815	     0.197262	    -0.994994	   -0.0215612	    0.0975778	    0.0243773	     0.894580	     0.446243	    0.0969126	    -0.446388	     0.889576 
89	Oxide	23295509	    0.0698652	     -6.79577	     0.625791	      3.11799	     0.296991	     0.246399	     0.233679	    -0.479857	    -0.324688	     0.815055	     0.669793	    -0.735606	     0.101297	     0.566669	     0.594527	     0.570460 
90	Oxide	23440826	     0.108689	      15.4640	      9.67951	      3.15401	     0.453149	     0.271879	     0.222027	   -0.0423595	    -0.814708	     0.578323	    -0.983872	     0.134700	     0.117693	     0.173785	     0.564010	     0.807274 
91	Oxide	23447277	    0.0846074	     -10.3134	      10.1554	      3.15493	     0.495339	     0.267364	     0.231967	     0.520347	    -0.819208	     0.241118	     0.608595	     0.553820	     0.568239	    -0.599042	    -0.148938	     0.786744 
92	Oxide	23500100	    0.0311326	     -6.00372	     -10.0434	      3.07906	     0.223519	     0.184675	     0.183325	    -0.567475	    -0.567944	     0.596164	     0.422202	     0.420901	     0.802862	    -0.706907	     0.707306	  0.000936966 
93	Oxide	23885408	    0.0984339	     -3.09642	     -9.26074	      3.23036	     0.368728	     0.284602	     0.229555	    -0.331717	    -0.744567	     0.579297	     0.675480	     0.241205	     0.696812	    -0.658552	     0.622448	     0.422928 
94	Oxide	24721714	     0.637486	     -14.7806	     -3.69164	      3.72279	     0.753853	     0.649710	     0.420683	    -0.413229	    -0.505221	     0.757624	     0.785461	     0.223211	     0.577259	    -0.460754	     0.833624	     0.304594 
95	Oxide	25162571	     0.116198	     -11.4547	     0.703243	      3.51820	     0.512973	     0.291039	     0.214311	    0.0860919	    -0.565661	     0.820132	    -0.731449	     0.523026	     0.437524	     0.676440	     0.637552	     0.368724 
96	Oxide	25887885	     0.113359	      11.7184	    -0.257909	      3.41595	     0.400668	     0.290342	     0.246569	    -0.155904	     0.979512	     0.127474	    -0.563523	    -0.194189	     0.802952	     0.811256	    0.0533487	     0.582252 
97	Oxide	25995989	    0.0533832	      4.69219	      6.50996	      3.38824	     0.275081	     0.221797	     0.214137	    -0.956763	   -0.0584147	     0.284943	     0.269243	     0.192819	     0.943573	     0.110061	    -0.979494	     0.168754 
98	Oxide	26053206	      1.04505	     -14.4662	      10.2640	      3.99733	     0.979083	     0.790807	     0.444643	    -0.100452	     0.650114	     0.753168	    -0.686295	    -0.593352	     0.420633	     0.720353	    -0.474642	     0.505773 
99	Oxide	27957739	    0.0693158	     -9.69274	     -10.9661	      3.70931	     0.336106	     0.236124	     0.214050	    0.0561590	    -0.761408	     0.645836	    -0.960770	     0.134751	     0.242409	     0.271599	     0.634114	     0.723971 
100	Oxide	27972483	     0.173244	     -10.7585	     -10.0386	      3.89069	     0.467832	     0.356543	     0.274406	    -0.568111	    -0.191775	     0.800295	     0.646946	    -0.705121	     0.290284	     0.508636	     0.682661	     0.524656 
101	Oxide	28799134	    0.0428531	     -14.0837	     -4.77727	      3.74452	     0.269281	     0.201489	     0.191968	    -0.804682	    -0.250986	     0.538045	     0.412623	    -0.888026	     0.202861	     0.426882	     0.385249	     0.818141 
102	Oxide	29299048	     0.121234	     -10.4378	      3.38883	      3.99869	     0.536643	     0.276943	     0.213127	   -0.0369087	    0.0368324	     0.998640	     0.647633	    -0.760178	    0.0519731	     0.761058	     0.648671	   0.00420329 
103	Oxide	29444110	    0.0108048	     0.477645	     -11.0997	      3.77548	     0.187896	     0.154266	     0.117133	     0.669243	     0.346254	     0.657436	     0.117635	    -0.923002	     0.366373	    -0.733673	     0.167855	     0.658444 
104	Oxide	30109809	    0.0649206	     -1.44839	      7.52339	      3.94830	     0.307144	     0.241899	     0.213823	    -0.444313	     0.281606	     0.850461	     0.668020	    -0.528405	     0.523964	     0.596939	     0.800929	    0.0466589 
105	Oxide	30689677	    0.0369013	     -6.16114	     -3.03121	      3.96453	     0.227685	     0.206467	     0.192218	    -0.852898	    -0.517142	    0.0716215	     0.308651	    -0.388819	     0.868075	    -0.421070	     0.762486	     0.491239 
106	Oxide	30880691	    0.0616242	     -15.2264	      9.29600	      3.93979	     0.354336	     0.238593	     0.193040	    -0.277169	     0.960461	    0.0263019	     0.949560	     0.269639	     0.160098	    -0.146676	   -0.0693494	     0.986751 
107	Oxide	31082642	    0.0816773	     -6.64784	     -1.73715	      4.14536	     0.330438	     0.286245	     0.223541	     0.365278	    -0.229238	     0.902232	    -0.834328	     0.349249	     0.426523	     0.412879	     0.908557	    0.0636872 
108	Oxide	31301439	     0.471293	     0.360851	     -11.5422	      4.79788	      1.06182	     0.430140	     0.325461	    -0.339175	    0.0790359	     0.937397	     0.920979	    -0.175188	     0.348005	    -0.191725	    -0.981357	    0.0133711 
109	Oxide	31337637	    0.0233494	     -15.3552	     -9.17293	      4.02116	     0.179596	     0.178241	     0.178208	  0.000494295	  -0.00690060	     0.999976	     0.892060	     0.451909	   0.00267757	    -0.451917	     0.892037	   0.00637913 
110	Oxide	31559910	    0.0233494	     -9.77557	      4.93244	      4.02116	     0.179596	     0.178241	     0.178208	  0.000494295	  -0.00690060	     0.999976	     0.892060	     0.451909	   0.00267757	    -0.451917	     0.892037	   0.00637913 
111	Oxide	31691946	    0.0563134	     -15.5061	     -10.4113	      4.17996	     0.336574	     0.214029	     0.197649	  -0.00115350	    -0.508417	     0.861110	    -0.996936	    0.0679328	    0.0387734	    0.0782107	     0.858427	     0.506937 
112	Oxide	32238349	     0.283307	     -8.05114	     0.855388	      4.22302	     0.698850	     0.383996	     0.295756	     0.884000	    -0.462847	    0.0657009	     0.423741	     0.852686	     0.305566	    -0.197453	    -0.242280	     0.949902 
113	Oxide	32697997	     0.255928	     -12.8694	      6.20501	      4.61930	     0.588481	     0.388182	     0.299287	    -0.238631	    0.0515817	     0.969740	     0.798215	    -0.558321	     0.226120	     0.553090	     0.828020	    0.0920594 
114	Oxide	32724657	     0.368189	     -15.3612	      7.75110	      4.60934	     0.689469	     0.455603	     0.332662	    -0.118838	    -0.556643	     0.822208	     0.898515	     0.292113	     0.327630	    -0.422551	     0.777701	     0.465438 
115	Oxide	32781036	     0.171046	     -9.16237	      11.4473	      4.34440	     0.588610	     0.349842	     0.240799	    -0.223411	     0.969538	     0.100420	    -0.429922	    -0.190477	     0.882545	     0.874789	     0.153997	     0.459380 
116	Oxide	33063943	     0.383938	      4.24184	      6.20646	      4.62689	     0.857969	     0.429830	     0.334909	    -0.301380	     0.526739	     0.794806	    0.0482941	    -0.824061	     0.564439	     0.952280	     0.208495	     0.222917 
117	Oxide	33588087	    0.0873544	     -8.80740	     -8.25963	      4.45919	     0.393550	     0.252567	     0.216773	    0.0707047	    -0.510251	     0.857114	    -0.479459	     0.736110	     0.477766	     0.874711	     0.444732	     0.192598 
118	Oxide	34851409	     0.129750	     -7.51843	     0.989770	      4.78948	     0.476011	     0.327080	     0.225442	    -0.209995	     0.223909	     0.951718	     0.974888	     0.121760	     0.186461	    0.0741307	    -0.966974	     0.243856 
119	Oxide	34894848	    0.0870797	     -13.9335	      3.66836	      4.58679	     0.348395	     0.271185	     0.227061	     0.221564	    -0.524457	     0.822104	     0.126288	     0.851390	     0.509104	    -0.966934	  -0.00897687	     0.254870 
120	Oxide	34901962	     0.149253	     -10.2328	      4.30225	      4.70016	     0.455181	     0.300364	     0.270452	    -0.117167	     0.159605	     0.980203	     0.979338	     0.182387	    0.0873657	     0.164832	    -0.970186	     0.177677 
121	Oxide	35239157	    0.0293013	      10.2443	      1.96405	      4.48073	     0.215859	     0.182790	     0.181653	    -0.707035	    -0.707178	  0.000840485	   0.00711295	  -0.00592297	     0.999957	    -0.707143	     0.707011	   0.00921788 
122	Oxide	35807929	    0.0565881	      12.1900	     -9.25522	      4.70269	     0.341494	     0.209299	     0.198987	    -0.142672	   -0.0446663	     0.988762	     0.906519	    -0.406920	     0.112423	     0.397326	     0.912371	    0.0985469 
123	Oxide	36306592	    0.0754507	     -8.58083	     -1.33259	      4.69543	     0.338095	     0.262367	     0.210750	     0.308839	    -0.846031	     0.434568	     0.899287	     0.408514	     0.156205	    -0.309681	     0.342559	     0.886990 
124	Oxide	36372409	    0.0907423	      10.6908	      2.81048	      4.73324	     0.475755	     0.252167	     0.201113	    -0.823146	    -0.414450	     0.388152	    -0.425459	     0.902866	    0.0617750	     0.376052	     0.114293	     0.919522 
125	Oxide	36554753	    0.0398314	     -8.52572	     -9.08696	      4.71144	     0.246111	     0.208776	     0.189754	 -0.000471383	     0.615550	     0.788097	  0.000481925	    -0.788097	     0.615551	      1.00000	  0.000669964	 7.48464e-005 
126	Oxide	36726135	     0.278454	     -15.4074	      1.70570	      4.95834	     0.541348	     0.499624	     0.297807	    -0.163462	    -0.938102	     0.305361	    -0.614951	     0.338922	     0.712016	     0.771437	    0.0713947	     0.632288 
127	Oxide	37515750	     0.120227	     -8.78129	      4.75966	      4.85971	     0.482009	     0.279882	     0.223876	    -0.708017	     0.584134	     0.396863	     0.690929	     0.689201	     0.218220	     0.146048	    -0.428708	     0.891560 
128	Oxide	37793909	     0.704238	      12.0079	     -1.86286	      5.64280	      1.10590	     0.576255	     0.416741	    -0.342569	    -0.569654	     0.747088	    -0.389368	     0.809781	     0.438917	     0.855008	     0.140533	     0.499211 
129	Oxide	38120194	    0.0233494	     -14.7749	     -4.35211	      4.84837	     0.179596	     0.178241	     0.178208	  0.000494295	  -0.00690060	     0.999976	     0.892060	     0.451909	   0.00267757	    -0.451917	     0.892037	   0.00637913 
130	Oxide	38966490	    0.0289350	      11.4743	      1.95374	      4.99898	     0.229419	     0.191353	     0.166952	   -0.0359045	    -0.223425	     0.974060	    -0.979752	     0.199978	   0.00975553	     0.196970	     0.953987	     0.226081 
131	Oxide	39060103	     0.107774	     -14.6909	      8.09275	      5.03252	     0.484333	     0.259116	     0.232105	     0.819856	     0.572531	   0.00668756	     0.564826	    -0.810628	     0.154449	   -0.0938480	     0.122849	     0.987978 
132	Oxide	39248639	     0.268107	     -9.18180	     -3.76087	      5.19755	     0.592844	     0.388971	     0.326841	    -0.914330	    -0.322243	     0.245274	     0.355400	    -0.928852	     0.104521	     0.194143	     0.182737	     0.963803 
133	Oxide	39802067	     0.195403	     -1.48152	      7.37587	      5.32905	     0.716777	     0.339168	     0.232382	    0.0306712	    -0.846030	     0.532251	    -0.952056	     0.137432	     0.273315	     0.304382	     0.515116	     0.801253 
134	Oxide	39806498	     0.328815	      8.10194	      7.60345	      5.54212	     0.853009	     0.479551	     0.258583	     0.212139	    -0.688793	     0.693226	    -0.286135	     0.634502	     0.718007	     0.934411	     0.350674	    0.0624846 
135	Oxide	40375475	     0.257668	     -12.2990	     -3.24132	      5.42544	     0.587762	     0.366588	     0.309494	    -0.421736	    -0.613059	     0.668055	    -0.265140	     0.787961	     0.555714	     0.867087	   -0.0572366	     0.494858 
136	Oxide	40851183	    0.0595182	      9.19024	      3.46294	      5.24170	     0.278979	     0.254316	     0.204313	     0.880227	    -0.461523	     0.110444	    0.0637312	     0.345590	     0.936219	    -0.470255	    -0.817046	     0.333611 
137	Oxide	41923713	    0.0707809	     -1.93241	     0.554609	      5.38680	     0.311785	     0.264044	     0.211464	     0.870805	    -0.477280	     0.117906	    -0.172771	   -0.0725635	     0.982285	     0.460269	     0.875750	     0.145649 
138	Oxide	42295998	    0.0779230	     -15.4856	     0.523607	      5.45547	     0.344504	     0.255261	     0.222564	   -0.0759119	    -0.809836	     0.581724	     0.919278	     0.169134	     0.355418	    -0.386220	     0.561746	     0.731625 
139	Oxide	42722785	    0.0541158	     -12.5335	      3.95863	      5.49707	     0.286969	     0.229173	     0.200898	     0.127815	    -0.338993	     0.932066	     0.824620	     0.558476	    0.0900371	    -0.551058	     0.757093	     0.350922 
140	Oxide	43478508	    0.0448676	     -12.5795	      4.70481	      5.53530	     0.259286	     0.211867	     0.199814	     0.530712	     0.630563	     0.566335	    -0.539722	    -0.263768	     0.799454	     0.653487	    -0.729943	     0.200344 
141	Oxide	44045341	     0.355736	     -3.05574	     -6.50582	      6.05525	     0.834236	     0.474435	     0.333644	    -0.375811	     0.183887	     0.908268	    -0.348815	    -0.936101	    0.0451941	     0.858542	    -0.299834	     0.415940 
142	Oxide	45083506	    0.0379085	     -10.4674	     -11.6438	      5.76747	     0.234591	     0.210566	     0.190862	     0.418090	 -0.000174154	     0.908406	  0.000183482	      1.00000	  0.000107268	    -0.908406	  0.000121828	     0.418090 
143	Oxide	45579866	     0.149436	     -8.48135	     -3.84439	      5.98122	     0.380515	     0.361956	     0.281103	     0.463536	    -0.540398	     0.702214	     0.499383	     0.813973	     0.296757	    -0.731951	     0.213116	     0.647171 
144	Oxide	46302673	     0.343466	     -3.30289	     -5.47756	      6.45691	     0.776700	     0.392946	     0.333570	    -0.224352	    -0.423669	     0.877594	    0.0433024	     0.895327	     0.443300	     0.973546	    -0.137457	     0.182523 
145	Oxide	47431910	     0.711288	      6.09773	     -4.08732	      6.34627	      1.16991	     0.615521	     0.347345	    -0.534922	     0.838446	     0.104245	    -0.524758	    -0.426394	     0.736761	     0.662183	     0.339407	     0.668069 
146	Oxide	47623861	   0.00274699	      8.13729	      7.58523	      5.91691	     0.127842	     0.100535	    0.0602035	    -0.761768	    -0.647639	    0.0165286	   -0.0993411	     0.141982	     0.984872	     0.640188	    -0.748602	     0.172495 
147	Oxide	47775201	    0.0938556	     -14.6069	     -6.36953	      6.21122	     0.385718	     0.277132	     0.215816	    -0.374892	     0.371209	     0.849506	    -0.130839	    -0.928349	     0.347921	     0.917789	    0.0192842	     0.396599 
148	Oxide	48315114	    0.0958701	     -14.1623	      4.18450	      6.18982	     0.369793	     0.266075	     0.240735	    -0.373937	    -0.862237	     0.341640	    -0.471352	     0.493923	     0.730662	     0.798748	    -0.112189	     0.591113 
149	Oxide	48356388	     0.243109	      8.05058	      6.61431	      6.56969	     0.743241	     0.366804	     0.259314	    -0.199691	    -0.315685	     0.927613	    -0.733869	     0.675475	    0.0718950	     0.649276	     0.666390	     0.366558 
150	Oxide	48725940	    0.0505447	     -1.92490	      6.59424	      6.20782	     0.258611	     0.236192	     0.202922	    -0.532529	     0.169035	     0.829361	     0.307087	    -0.874506	     0.375415	     0.788740	     0.454605	     0.413791 
151	Oxide	48889392	    0.0455085	      13.9719	     -6.68154	      6.25761	     0.253937	     0.214908	     0.204715	     0.283337	    0.0171947	     0.958866	    -0.954070	     0.106514	     0.280010	   -0.0973175	    -0.994162	    0.0465843 
152	Oxide	48912758	    0.0696821	     -9.91125	     -5.04804	      6.29561	     0.362999	     0.227889	     0.211270	     0.123575	     0.519447	     0.845520	    -0.777320	    -0.478976	     0.407867	     0.616849	    -0.707642	     0.344587 
153	Oxide	50434135	     0.135335	     -6.10218	     -3.03481	      6.47822	     0.388870	     0.326508	     0.267404	    -0.917296	    -0.391582	    0.0723247	    -0.304303	     0.806473	     0.506952	     0.256842	    -0.443017	     0.858935 
154	Oxide	50634993	    0.0233494	     -15.0874	      9.57472	      6.36491	     0.179596	     0.178241	     0.178208	  0.000494295	  -0.00690060	     0.999976	     0.892060	     0.451909	   0.00267757	    -0.451917	     0.892037	   0.00637913 
155	Oxide	50789601	     0.273143	      13.9762	     -4.13313	      6.76508	     0.525311	     0.377285	     0.369991	     0.109037	     0.141033	     0.983982	    -0.950494	     0.304560	    0.0616742	    -0.290983	    -0.941994	     0.167260 
156	Oxide	51106659	    0.0347953	      14.2170	     -7.81149	      6.47978	     0.219545	     0.209951	     0.185275	     0.706697	     0.707517	  0.000418062	-2.81705e-005	 -0.000562749	      1.00000	    -0.707517	     0.706697	  0.000377761 
157	Oxide	51244615	    0.0411133	     -9.67465	     0.999984	      6.47527	     0.234900	     0.213639	     0.201764	    -0.237081	     0.959001	     0.155271	    -0.527667	    -0.261313	     0.808259	     0.815696	     0.109691	     0.567986 
158	Oxide	52119760	     0.183682	     -13.6561	      9.20013	      6.74295	     0.486023	     0.372845	     0.293475	    0.0874462	     0.954010	     0.286737	    -0.304506	    -0.248463	     0.919534	     0.948488	    -0.167723	     0.268775 
159	Oxide	53579874	      1.17269	     -14.7149	      6.68882	      7.24450	      1.32376	     0.575266	     0.468500	    -0.208000	    -0.943449	     0.258146	     0.970503	    -0.166171	     0.174675	    -0.121900	     0.286864	     0.950184 
160	Oxide	54304950	     0.437962	     -2.17294	      5.91778	      7.34263	     0.739127	     0.547082	     0.308227	    -0.519086	    -0.437986	     0.733974	    -0.496326	     0.853574	     0.158340	     0.695852	     0.282099	     0.660462 
161	Oxide	55504880	    0.0641881	     -5.89522	      11.2009	      7.09134	     0.294546	     0.239269	     0.223307	   -0.0249764	    -0.201803	     0.979108	     0.484063	     0.854496	     0.188468	    -0.874677	     0.478657	    0.0763432 
162	Oxide	56545637	     0.563500	      7.98025	      6.49963	      7.75466	     0.774517	     0.536934	     0.451116	    -0.519454	     0.467622	     0.715190	     0.724607	    -0.202545	     0.658726	    -0.452893	    -0.860410	     0.233629 
