Number	Component	Unique#	Volume (mm^3)	PEllipsoid X (mm)	PEllipsoid Y (mm)	PEllipsoid Z (mm)	PEllipsoid Rad1 (mm)	PEllipsoid Rad2 (mm)	PEllipsoid Rad3 (mm)	PEllipsoid X1 (dmls)	PEllipsoid Y1 (dmls)	PEllipsoid Z1 (dmls)	PEllipsoid X2 (dmls)	PEllipsoid Y2 (dmls)	PEllipsoid Z2 (dmls)	PEllipsoid X3 (dmls)	PEllipsoid Y3 (dmls)	PEllipsoid Z3 (dmls) 
1	Pyroxene	111	      6.96518	     -9.73489	     -10.0231	     0.779975	      1.93829	      1.42369	      1.00774	   -0.0892151	     0.987920	     0.126706	    -0.990157	    -0.101744	    0.0961094	     0.107840	    -0.116884	     0.987273 
2	Pyroxene	357	     0.152824	     0.172046	     -11.5929	     0.483460	     0.748634	     0.269354	     0.240599	    -0.522791	   -0.0441628	     0.851316	    0.0114038	     0.998205	    0.0587859	     0.852385	   -0.0404411	     0.521349 
3	Pyroxene	28415	    0.0364434	     -2.36699	     -9.86171	     0.144452	     0.239240	     0.202388	     0.195353	     0.899470	     0.436972	   0.00285272	  -0.00825972	    0.0104741	     0.999911	     0.436904	    -0.899414	    0.0130304 
4	Pyroxene	28751	     0.116656	      12.7174	     -9.79834	     0.195885	     0.391450	     0.299870	     0.269618	    -0.934693	    -0.271759	     0.229119	     0.351095	    -0.605191	     0.714476	   -0.0555040	     0.748259	     0.661081 
5	Pyroxene	42577	      8.63591	      2.20140	     -8.92921	      1.64943	      2.27303	      1.78092	      1.17020	    -0.185859	    -0.778881	     0.599000	     0.961599	   -0.0188861	     0.273809	    -0.201952	     0.626888	     0.752481 
6	Pyroxene	43134	      8.21635	     -4.44484	     -8.43028	      1.70063	      2.10991	      1.73960	      1.41028	    -0.624773	    -0.406655	     0.666551	    -0.471309	     0.877020	    0.0932907	     0.622516	     0.255866	     0.739599 
7	Pyroxene	54638	      7.84963	      7.49189	     -7.93485	      2.24661	      2.14577	      1.67750	      1.36323	    -0.634435	    -0.657688	     0.406127	     0.228267	     0.342564	     0.911342	     0.738503	    -0.670892	    0.0672057 
8	Pyroxene	69754	    0.0896436	     -8.52161	     -7.22372	     0.322090	     0.574187	     0.267665	     0.202289	    -0.187850	    -0.152182	     0.970337	     0.728703	     0.640808	     0.241572	     0.658563	    -0.752466	   0.00948011 
9	Pyroxene	78635	     0.268015	      11.0818	     -6.53322	     0.284178	     0.528637	     0.381377	     0.348480	     0.947198	    -0.129514	     0.293329	    -0.260078	    -0.845387	     0.466562	    -0.187550	     0.518215	     0.834433 
10	Pyroxene	79087	      17.0869	     0.379001	     -4.64279	      1.91750	      2.26372	      1.93952	      1.66049	    -0.200207	     0.291984	     0.935234	     0.343032	    -0.873251	     0.346066	     0.917740	     0.390100	    0.0746711 
11	Pyroxene	79282	    0.0652869	      8.77925	     -6.52578	     0.152086	     0.365922	     0.218930	     0.217547	     0.208618	    -0.977642	    0.0263450	    -0.804857	    -0.156320	     0.572512	     0.555594	     0.140640	     0.819473 
12	Pyroxene	81799	      1.62897	     -5.75143	     -7.21634	      1.32748	      2.49763	      1.31958	     0.637063	    -0.325590	    -0.766431	     0.553693	    -0.807584	     0.529976	     0.258716	     0.491732	     0.362918	     0.791512 
13	Pyroxene	84928	      4.92545	      8.83620	     -5.91859	      1.62408	      3.26346	      1.67344	      1.04062	    0.0192794	    -0.943483	     0.330860	    -0.650949	     0.239330	     0.720407	     0.758876	     0.229262	     0.609545 
14	Pyroxene	94347	    0.0521013	     -9.07575	     -5.63904	     0.156695	     0.257802	     0.239289	     0.220950	     0.921621	    -0.298521	     0.247990	    -0.358919	    -0.898687	     0.252069	    -0.147617	     0.321321	     0.935394 
15	Pyroxene	100869	    0.0426700	    -0.363268	     -5.24756	     0.151172	     0.233725	     0.220476	     0.214889	     0.789890	     0.613224	   0.00547982	    0.0595253	   -0.0855617	     0.994553	    -0.610352	     0.785262	     0.104087 
16	Pyroxene	103474	     0.218752	     -10.1050	     -4.69329	     0.205720	     0.711771	     0.555835	     0.263171	    -0.711123	     0.701426	    0.0480211	     0.691771	     0.685869	     0.225910	    -0.125523	    -0.193870	     0.972964 
17	Pyroxene	106371	     0.431827	     -6.21106	     -4.79511	     0.545673	     0.750608	     0.450344	     0.336964	    -0.426295	    -0.224514	     0.876280	     0.659113	    -0.740563	     0.130905	     0.619551	     0.633371	     0.463678 
18	Pyroxene	108713	      10.4014	      4.42596	     -3.09048	      1.20490	      2.40757	      1.79809	      1.55240	    -0.372919	    -0.719641	     0.585703	     0.922779	    -0.221650	     0.315200	   -0.0970096	     0.658018	     0.746727 
19	Pyroxene	109362	    0.0916580	      2.30314	     -4.56448	     0.154913	     0.425575	     0.296976	     0.211379	     0.944478	     0.328427	   0.00980851	    -0.328571	     0.943921	    0.0324680	   0.00140491	   -0.0338881	     0.999425 
20	Pyroxene	112280	     0.957052	      6.75439	     -4.22889	     0.501000	     0.880748	     0.636589	     0.479154	    -0.191547	    -0.588751	     0.785291	    -0.584924	     0.710974	     0.390360	     0.788146	     0.384563	     0.480559 
21	Pyroxene	118899	    0.0888195	     -11.5318	     -3.98284	     0.189801	     0.317179	     0.276996	     0.262180	   -0.0576327	    -0.962843	     0.263839	    -0.850003	     0.185936	     0.492872	     0.523616	     0.195858	     0.829136 
22	Pyroxene	125449	     0.127644	     -1.72093	     -3.56024	     0.232446	     0.375103	     0.337982	     0.263327	    -0.757161	     0.548213	     0.355203	     0.332409	    -0.144741	     0.931962	    -0.562326	    -0.823718	    0.0726387 
23	Pyroxene	136877	      1.27946	      6.86234	     -2.98995	     0.811706	      2.18273	      1.20028	     0.432146	     0.442419	    -0.850695	     0.283873	    -0.159110	     0.237059	     0.958377	     0.882581	     0.469171	    0.0304744 
24	Pyroxene	138127	      16.4726	    -0.397548	     -1.89367	      1.75525	      2.22886	      1.99053	      1.68427	    -0.448791	    -0.506090	     0.736518	     0.751796	    -0.659377	   0.00501816	     0.483103	     0.555964	     0.676399 
25	Pyroxene	138659	      7.32037	     -5.60220	     -2.01488	     0.803500	      3.04537	      1.70433	     0.920911	     0.992390	    0.0954149	    0.0778335	    0.0584287	    -0.921302	     0.384434	    -0.108389	     0.376961	     0.919865 
26	Pyroxene	143392	      1.03131	      14.4304	     -2.06827	     0.564142	      1.41653	     0.954806	     0.600854	     0.615926	    -0.751010	     0.237946	    -0.658198	    -0.324589	     0.679277	     0.432909	     0.575000	     0.694236 
27	Pyroxene	146847	    0.0433109	      12.1619	     -2.36274	     0.257947	     0.290850	     0.201047	     0.190874	     0.216865	    0.0732776	     0.973448	     0.191658	    -0.980967	    0.0311461	    -0.957202	    -0.179814	     0.226782 
28	Pyroxene	160815	      9.73965	      7.51225	     0.650695	      1.53497	      2.61568	      1.78897	      1.18292	    -0.169018	     0.897125	     0.408166	    0.0243752	    -0.410192	     0.911673	     0.985311	     0.164038	    0.0474624 
29	Pyroxene	163511	      3.45975	      4.41280	    -0.766955	     0.847605	      1.78026	      1.46226	     0.717981	     0.947204	    0.0718363	     0.312481	    -0.258166	    -0.407084	     0.876146	    -0.190145	     0.910561	     0.367046 
30	Pyroxene	169321	     0.164636	      11.1263	    -0.919656	     0.325437	     0.496713	     0.315493	     0.266059	    -0.537277	    -0.414835	     0.734333	    -0.453335	     0.876249	     0.163322	     0.711211	     0.245150	     0.658848 
31	Pyroxene	174979	     0.907240	      12.6054	    -0.309287	     0.555366	      1.19549	     0.564830	     0.462964	     0.438910	    -0.701036	     0.562056	     0.105787	     0.661494	     0.742452	    -0.892282	    -0.266411	     0.364497 
32	Pyroxene	176746	      5.82042	    -0.980908	    0.0313066	      1.72826	      2.55638	      2.01155	     0.683408	     0.441725	     0.191012	     0.876580	    -0.893061	  0.000434028	     0.449936	    0.0855627	    -0.981587	     0.170777 
33	Pyroxene	186488	      6.46477	     -6.90113	     0.796928	      1.67952	      2.44252	      1.72062	      1.46220	   -0.0493244	    -0.932394	     0.358063	    -0.821565	     0.241743	     0.516325	     0.567978	     0.268704	     0.777946 
34	Pyroxene	199958	    0.0390989	     -1.97819	      1.02248	     0.194837	     0.263321	     0.201361	     0.192597	    -0.148571	    -0.273637	     0.950289	     0.955587	     0.207603	     0.209178	    -0.254521	     0.939161	     0.230640 
35	Pyroxene	213433	     0.241369	      3.15059	      2.03431	     0.319943	     0.565948	     0.408062	     0.275393	    -0.257029	    -0.576115	     0.775904	    -0.538383	     0.752109	     0.380100	     0.802546	     0.320037	     0.503484 
36	Pyroxene	214192	      2.49061	      5.85895	      1.57175	      1.43222	      1.41155	     0.972684	     0.832024	   -0.0251815	     0.153670	     0.987801	    -0.436414	    -0.890676	     0.127435	     0.899394	    -0.427881	    0.0894924 
37	Pyroxene	214566	    0.0686748	     -8.94136	      1.93333	     0.321758	     0.330541	     0.243364	     0.222165	    -0.257173	    -0.361822	     0.896073	    -0.200850	     0.927025	     0.316676	     0.945263	    0.0985363	     0.311078 
38	Pyroxene	220495	      4.30326	      4.14544	      3.25508	     0.690454	      1.68600	      1.07428	     0.929658	    -0.135888	    -0.241570	     0.960822	    -0.624500	     0.773768	     0.106218	     0.769112	     0.585600	     0.256006 
39	Pyroxene	223936	     0.164545	      1.38055	      2.70158	     0.192316	     0.457409	     0.327067	     0.290184	    -0.955491	     0.286859	    0.0689179	    -0.276816	    -0.952514	     0.126842	     0.102031	     0.102119	     0.989526 
40	Pyroxene	231089	     0.136068	      7.03375	      3.07847	     0.198964	     0.481405	     0.289164	     0.281548	     0.620677	    -0.768357	     0.156162	    -0.411386	    -0.149581	     0.899103	     0.667474	     0.622296	     0.408933 
41	Pyroxene	242155	      1.97765	     -1.11827	      5.00152	     0.374395	      1.55784	      1.12988	     0.489571	    -0.204965	    -0.977065	    0.0577356	    -0.976439	     0.208189	    0.0567739	    0.0674917	    0.0447387	     0.996716 
42	Pyroxene	247724	      8.46129	     -3.99743	      3.93026	      1.97185	      2.61676	      1.93987	     0.981017	   0.00138744	    -0.407121	     0.913373	    -0.668485	     0.678922	     0.303634	     0.743725	     0.610997	     0.271212 
43	Pyroxene	253215	    0.0626315	     -9.61255	      4.34199	     0.334226	     0.307490	     0.256097	     0.219833	    -0.163120	    -0.433767	     0.886137	     0.477757	     0.751108	     0.455615	    -0.863215	     0.497678	    0.0847144 
44	Pyroxene	260271	      1.22131	     -8.47531	      5.71383	     0.544622	      1.17925	     0.740998	     0.586789	     0.493852	    -0.863482	     0.102515	     0.510507	     0.383353	     0.769690	    -0.703913	    -0.327778	     0.630133 
45	Pyroxene	261978	     0.228825	      4.92414	      5.13088	     0.283570	     0.544165	     0.369555	     0.312429	    -0.133850	    -0.731954	     0.668078	    -0.321236	     0.669790	     0.669470	     0.937492	     0.125002	     0.324781 
46	Pyroxene	272551	      1.14650	      6.71021	      6.18177	     0.490373	      1.02541	     0.827906	     0.399452	    -0.576471	    -0.787515	     0.217949	     0.550917	    -0.177601	     0.815443	    -0.603466	     0.590151	     0.536237 
47	Pyroxene	273188	      9.92269	      2.35604	      7.09973	      1.39774	      2.80930	      1.96188	      1.47472	     0.958942	    -0.263675	     0.104426	     0.254878	     0.962741	    0.0903719	    -0.124364	   -0.0600456	     0.990418 
48	Pyroxene	286248	     0.844426	     -10.2140	      6.82982	      1.00344	      1.44520	     0.811720	     0.330884	     0.156047	    -0.366180	     0.917367	    -0.579693	     0.718027	     0.385219	     0.799754	     0.591903	     0.100226 
49	Pyroxene	294903	      9.71117	     -1.13190	      8.74345	      2.77974	      2.78625	      1.97947	      1.30594	    -0.107126	     0.308941	     0.945029	    0.0756349	    -0.945212	     0.317575	     0.991364	     0.105498	    0.0778903 
50	Pyroxene	304120	     0.430912	      3.33512	      8.23542	     0.217914	      1.04745	     0.467702	     0.292049	     0.123664	    -0.989630	    0.0730749	    -0.969815	    -0.104935	     0.220107	     0.210156	    0.0980885	     0.972735 
51	Pyroxene	304151	     0.116839	      4.69901	      7.64349	     0.269850	     0.470607	     0.292686	     0.234258	    -0.852853	   -0.0413931	     0.520508	     0.478323	     0.337840	     0.810600	     0.209401	    -0.940293	     0.268328 
52	Pyroxene	307711	      1.60791	      6.79263	      7.65939	     0.898666	      2.28590	     0.522295	     0.452564	   -0.0143107	    -0.687917	     0.725648	     0.666965	     0.534116	     0.519498	    -0.744952	     0.491416	     0.451173 
53	Pyroxene	314937	      7.85567	      14.2955	      9.50463	      1.03620	      2.40179	      1.47726	      1.02593	   -0.0579410	     0.997983	    0.0259471	    -0.890327	   -0.0634135	     0.450884	     0.451620	   0.00302326	     0.892205 
54	Pyroxene	315864	      5.73508	     -6.34040	      7.72941	      1.77822	      2.18217	      1.52260	      1.17922	    -0.101319	    -0.277388	     0.955401	    -0.861470	     0.504798	    0.0552043	     0.497597	     0.817456	     0.290107 
55	Pyroxene	316123	     0.107041	      5.44270	      8.48151	     0.344567	     0.462866	     0.294420	     0.205468	    -0.619629	     0.496637	     0.607792	     0.135346	    -0.695154	     0.706005	     0.773137	     0.519723	     0.363520 
56	Pyroxene	325021	     0.121417	     -5.08024	      9.27391	     0.186508	     0.518860	     0.298176	     0.219433	    0.0526688	     0.998346	    0.0230264	   -0.0608323	   -0.0198080	     0.997951	     0.996757	   -0.0539615	    0.0596885 
57	Pyroxene	325526	     0.178829	     -14.1134	      9.14663	     0.463161	     0.631594	     0.306840	     0.258187	    -0.484879	     0.283919	     0.827214	     0.566680	    -0.618443	     0.544429	     0.666158	     0.732747	     0.138979 
58	Pyroxene	327231	      1.10539	     0.204217	      9.64829	     0.606007	      1.06787	     0.866315	     0.730969	     0.898465	     0.383339	     0.214036	    -0.152962	    -0.183654	     0.971017	    -0.411538	     0.905164	     0.106370 
59	Pyroxene	330715	      4.81136	     -3.19941	      9.61075	      2.27009	      2.70547	      1.32121	     0.923964	    -0.336165	     0.703033	     0.626688	   -0.0379488	    -0.674984	     0.736856	     0.941038	     0.223923	     0.253585 
60	Pyroxene	335502	      9.83442	     -8.63978	      10.3523	      1.47866	      2.37016	      1.54558	      1.13432	    -0.685957	    -0.425246	     0.590448	     0.688279	    -0.115923	     0.716124	    -0.236082	     0.897624	     0.372206 
61	Pyroxene	337444	     0.145957	     -15.3684	      9.87913	     0.216230	     0.394786	     0.326514	     0.302181	    -0.996907	   -0.0757235	    0.0210137	    0.0690192	    -0.715814	     0.694872	   -0.0375763	     0.694173	     0.718827 
62	Pyroxene	341147	    0.0255470	     -7.00807	      9.97643	     0.142880	     0.200261	     0.182131	     0.182073	 -0.000797475	   0.00201117	     0.999998	     0.725755	    -0.687951	   0.00196236	    -0.687953	    -0.725754	  0.000910991 
63	Pyroxene	344194	      5.25243	      2.87766	      10.0558	      1.68208	      2.09520	      1.58870	      1.06724	   -0.0701677	     0.325783	     0.942837	    -0.388595	    -0.879428	     0.274953	     0.918733	    -0.347089	     0.188306 
64	Pyroxene	349680	     0.204743	     -2.55951	      10.3695	     0.368351	     0.752231	     0.322481	     0.268908	     0.243751	    -0.743909	     0.622242	    -0.964255	    -0.254636	    0.0733021	    -0.103915	     0.617868	     0.779385 
65	Pyroxene	1905474	     0.897992	    -0.671425	     -8.81589	      1.14727	     0.922733	     0.739217	     0.437103	    -0.429723	    0.0973600	     0.897696	     0.633267	    -0.676193	     0.376479	     0.643670	     0.730263	     0.228921 
66	Pyroxene	1929045	    0.0486218	     -15.0274	     -7.54805	     0.458735	     0.259744	     0.222594	     0.205214	     0.699036	    -0.243710	     0.672276	    -0.710856	    -0.134711	     0.690317	    0.0776742	     0.960447	     0.267410 
67	Pyroxene	2101846	     0.337422	      10.2695	      3.17866	     0.812807	     0.647942	     0.383766	     0.346426	    -0.152992	    -0.575880	     0.803091	     0.779129	     0.429616	     0.456496	    -0.607908	     0.695552	     0.382957 
68	Pyroxene	2198395	    0.0369013	     -10.5242	      9.61820	     0.417775	     0.227700	     0.205950	     0.192371	    0.0684386	     0.851210	     0.520345	     0.843668	    -0.327759	     0.425203	    -0.532485	    -0.409898	     0.740570 
69	Pyroxene	2205397	    0.0803953	     -11.8090	      10.1149	     0.476291	     0.312474	     0.297996	     0.224730	    -0.889948	     0.334874	     0.309601	     0.437866	     0.817235	     0.374700	     0.127539	    -0.469027	     0.873926 
70	Pyroxene	2473325	    0.0580531	     -7.96264	      3.38947	     0.485651	     0.307388	     0.261026	     0.200744	    -0.984091	    0.0105157	     0.177352	     0.148355	    -0.500601	     0.852871	    0.0977514	     0.865614	     0.491077 
71	Pyroxene	2639257	     0.226261	     -6.92616	     -9.38600	     0.595773	     0.663590	     0.414602	     0.270378	     0.314139	    -0.948343	    0.0442985	     0.910300	     0.314130	     0.269585	    -0.269574	   -0.0443620	     0.961957 
72	Pyroxene	2936932	      3.12901	      5.77459	      9.69299	      2.15937	      1.77451	      1.32768	     0.944286	    -0.504182	    0.0932356	     0.858549	    -0.170813	    -0.985281	   0.00668870	     0.846536	    -0.143279	     0.512687 
73	Pyroxene	2958111	      4.73591	      10.2233	      9.86128	      2.65177	      2.35183	      1.47316	      1.05511	    0.0281529	    -0.498501	     0.866432	     0.879958	     0.423562	     0.215103	    -0.474217	     0.756368	     0.450584 
74	Pyroxene	3073623	    0.0546652	     -10.8186	     -5.88803	     0.595841	     0.305926	     0.223460	     0.202845	     0.496790	    -0.843495	     0.204246	    -0.475340	   -0.0675508	     0.877205	     0.726121	     0.532872	     0.434505 
75	Pyroxene	3719892	     0.786006	     -1.49929	      11.5314	      1.71566	      1.50374	     0.445644	     0.401999	    -0.303972	   -0.0176155	     0.952518	     0.876332	    -0.397354	     0.272311	     0.373690	     0.917497	     0.136221 
76	Pyroxene	3750260	     0.231938	      4.47158	     -10.0809	      1.04731	     0.762312	     0.370971	     0.243642	    -0.684194	     0.208706	     0.698799	     0.588665	    -0.407597	     0.698096	     0.430526	     0.888992	     0.156018 
77	Pyroxene	3768717	    0.0329639	      12.8109	     -9.06136	     0.666423	     0.241091	     0.183712	     0.183222	 -0.000130347	    -0.418334	     0.908293	    0.0345372	     0.907749	     0.418089	    -0.999403	    0.0314244	    0.0143298 
78	Pyroxene	3812517	    0.0312242	     -9.00088	     -6.22690	     0.650008	     0.212107	     0.195585	     0.184491	     0.657037	 -0.000475889	     0.753858	    -0.753857	  0.000629517	     0.657038	 -0.000787243	     -1.00000	 5.48641e-005 
79	Pyroxene	4744146	     0.148338	     -2.24695	      5.67892	     0.912710	     0.413770	     0.361037	     0.256072	    -0.129553	    -0.138034	     0.981918	    -0.402638	     0.912272	    0.0751200	     0.906145	     0.385625	     0.173766 
80	Pyroxene	4807022	    0.0541158	      11.6712	      9.58684	     0.790303	     0.265501	     0.247320	     0.203680	     0.648867	     0.256318	     0.716431	    -0.497797	    -0.569103	     0.654461	    -0.575473	     0.781295	     0.241678 
81	Pyroxene	5011065	    0.0441350	     -12.0516	     -1.08962	     0.811498	     0.239326	     0.229086	     0.197214	    -0.698610	   -0.0398988	     0.714390	     0.448822	    -0.802018	     0.394115	     0.557229	     0.595966	     0.578205 
82	Pyroxene	5237575	    0.0807616	     -5.52560	     -10.2634	     0.916121	     0.323594	     0.255016	     0.244539	     0.314918	     0.779104	     0.542054	     0.683294	    -0.582488	     0.440246	    -0.658737	    -0.231741	     0.715794 
83	Pyroxene	5608593	    0.0753592	     -13.1107	     -10.3559	     0.955536	     0.388445	     0.234579	     0.205372	    -0.591680	     0.580189	     0.559727	     0.777889	     0.228588	     0.585352	    -0.211668	    -0.781747	     0.586574 
84	Pyroxene	5628909	     0.538777	      14.9361	     -9.07079	      1.38484	     0.735985	     0.542780	     0.373025	    -0.673602	     0.340687	     0.655891	     0.450525	    -0.514226	     0.729794	     0.585907	     0.787086	     0.192895 
85	Pyroxene	5819933	   0.00851568	      6.64152	      2.85292	     0.893206	     0.204998	     0.180709	    0.0683201	    -0.192183	   -0.0233335	     0.981082	     0.981154	   -0.0249983	     0.191603	    0.0200546	     0.999415	    0.0276980 
86	Pyroxene	6671087	    0.0863472	     -1.22657	      9.60987	      1.11399	     0.427264	     0.257372	     0.213634	     0.524603	    -0.405309	     0.748677	    -0.801243	    -0.532290	     0.273272	    -0.287753	     0.743231	     0.603991 
87	Pyroxene	6747343	     0.120227	      13.4772	     -9.21241	      1.17417	     0.382650	     0.287048	     0.269264	    -0.325897	    -0.497682	     0.803806	     0.909051	    -0.398469	     0.121853	     0.259648	     0.770413	     0.582278 
88	Pyroxene	6938923	     0.168208	     -1.75076	      2.84282	      1.22848	     0.466005	     0.357515	     0.254304	    -0.119106	    -0.584770	     0.802408	     0.972326	    0.0948991	     0.213487	    -0.200989	     0.805629	     0.557284 
89	Pyroxene	7270562	     0.271128	     -9.72447	     0.374513	      1.54234	     0.691153	     0.470973	     0.260527	    -0.315109	   0.00204305	     0.949053	     0.400457	     0.906902	     0.131009	     0.860430	    -0.421337	     0.286591 
90	Pyroxene	7609168	     0.116381	      11.0418	     -1.82813	      1.24050	     0.456421	     0.262593	     0.237594	    -0.378531	    -0.570085	     0.729190	    -0.788849	     0.610809	    0.0680339	     0.484181	     0.549468	     0.680921 
91	Pyroxene	7852593	    0.0595182	     -11.8810	     -9.92619	      1.19730	     0.288052	     0.242842	     0.209692	     0.740130	    -0.448141	     0.501376	    -0.383763	     0.330769	     0.862159	    -0.552208	    -0.830519	    0.0728319 
92	Pyroxene	8145207	     0.138632	     -4.53738	      8.77859	      1.51872	     0.695897	     0.300122	     0.225429	    -0.236279	     0.322751	     0.916517	     0.950263	     0.273716	     0.148590	     0.202908	    -0.906042	     0.371372 
93	Pyroxene	8558570	     0.107499	     -4.67227	      11.3541	      1.29390	     0.423593	     0.284561	     0.218901	    -0.704112	     0.600677	     0.378700	     0.216125	    -0.326726	     0.920076	     0.676400	     0.729683	     0.100231 
94	Pyroxene	8578932	     0.265817	     -5.89914	     -11.1834	      1.70597	     0.703371	     0.513365	     0.272148	    -0.307791	    -0.470358	     0.827060	    -0.278476	     0.875728	     0.394401	     0.909789	     0.108924	     0.400525 
95	Pyroxene	8610348	    0.0254555	     -15.4609	     -9.12831	      1.21782	     0.213219	     0.174255	     0.172653	      1.00000	 -0.000564852	  0.000559435	 -0.000558572	   0.00152979	     0.999999	 -0.000565931	    -0.999999	   0.00152947 
96	Pyroxene	8668931	    0.0771905	     -5.04579	     -5.50316	      1.41911	     0.432678	     0.221289	     0.200721	    -0.206297	    -0.281553	     0.937107	    -0.657624	     0.749056	    0.0802823	     0.724549	     0.599703	     0.339684 
97	Pyroxene	8776671	      1.91768	      2.57026	     0.616840	      2.04195	      1.25348	     0.929649	     0.544326	    -0.387238	    -0.200392	     0.899939	     0.109609	     0.959166	     0.260744	     0.915441	    -0.199611	     0.349461 
98	Pyroxene	8807830	     0.168665	      13.2414	      3.24433	      1.38120	     0.472230	     0.318481	     0.278460	   -0.0500479	    -0.821513	     0.567989	     0.998317	   -0.0578229	   0.00433348	    0.0292828	     0.567250	     0.823025 
99	Pyroxene	8874820	    0.0389157	     -9.03898	      7.67137	      1.27061	     0.236042	     0.207295	     0.194216	    -0.455849	     0.231455	     0.859436	    -0.417134	    -0.908543	    0.0234297	     0.786258	    -0.347819	     0.510706 
100	Pyroxene	8907227	     0.289716	     -6.02536	      9.53808	      1.68530	     0.648593	     0.522651	     0.270380	    -0.433755	   -0.0128405	     0.900939	     0.483287	    -0.847212	     0.220603	     0.760454	     0.531100	     0.373688 
101	Pyroxene	8935605	    0.0717881	      5.55586	      11.5702	      1.32201	     0.303475	     0.277162	     0.210525	    -0.183621	     0.342439	     0.921422	    -0.106340	    -0.938779	     0.327698	     0.977228	   -0.0378121	     0.208795 
102	Pyroxene	9170082	      1.08451	     -9.38639	      3.68819	      1.87000	      1.27141	      1.09148	     0.540197	    -0.779301	    -0.493421	     0.386298	    -0.321606	     0.843991	     0.429242	     0.537829	    -0.210273	     0.816410 
103	Pyroxene	9511492	      1.23404	      11.0368	     0.758215	      2.31352	      1.47856	      1.05347	     0.562743	     0.272383	    -0.960637	    0.0546226	    0.0150072	    0.0610037	     0.998025	    -0.962072	    -0.271025	    0.0310327 
104	Pyroxene	9612691	     0.157952	      9.88003	      7.00627	      1.61631	     0.559016	     0.296276	     0.239285	    0.0565948	    -0.593849	     0.802584	    -0.751331	     0.504058	     0.425944	     0.657495	     0.627112	     0.417650 
105	Pyroxene	9687588	     0.258126	     -4.60360	     -11.5699	      1.69123	     0.564835	     0.449259	     0.292223	    -0.979389	    -0.172712	     0.104728	    0.0680544	     0.206017	     0.976179	     0.190174	    -0.963186	     0.190017 
106	Pyroxene	9695227	     0.107316	     -8.87635	     -11.5566	      1.57974	     0.404396	     0.309600	     0.244992	     0.112885	    -0.327208	     0.938185	     0.575954	     0.790955	     0.206559	    -0.809651	     0.517034	     0.277744 
107	Pyroxene	9705979	    0.0614411	     0.350836	     -10.4478	      1.52508	     0.324510	     0.312194	     0.172466	    -0.274143	     0.694169	     0.665564	     0.198555	    -0.636311	     0.745442	     0.940969	     0.336508	    0.0366098 
108	Pyroxene	9792035	     0.554984	      12.3843	     -4.65161	      1.71694	      1.35119	     0.599283	     0.397159	    -0.876933	     0.469068	     0.104703	   -0.0117134	    -0.238649	     0.971035	     0.480469	     0.850307	     0.214773 
109	Pyroxene	9861113	    0.0233494	     -9.73093	    -0.691853	      1.35572	     0.179596	     0.178241	     0.178208	  0.000494295	  -0.00690060	     0.999976	     0.892060	     0.451909	   0.00267757	    -0.451917	     0.892037	   0.00637913 
110	Pyroxene	9928286	     0.642796	      7.23197	      3.13065	      2.10643	     0.951670	     0.498040	     0.461495	    -0.504819	    -0.341380	     0.792854	   0.00826025	     0.916526	     0.399889	     0.863185	    -0.208421	     0.459860 
111	Pyroxene	10121811	    0.0276531	     -14.8419	     -7.78922	      1.40167	     0.203928	     0.182333	     0.182231	      1.00000	  0.000535672	  0.000392027	 -0.000558601	     0.998093	    0.0617374	 -0.000358231	   -0.0617377	     0.998092 
112	Pyroxene	10138978	      2.29548	     -2.29285	     -6.75075	      2.33768	      1.66043	      1.15357	     0.543459	     0.186755	    -0.934360	     0.303472	    -0.732777	    0.0732617	     0.676513	     0.654340	     0.348719	     0.670995 
113	Pyroxene	10276614	     0.941028	     -8.43814	      1.10800	      2.98234	      1.81232	     0.860750	     0.450674	     0.139122	    -0.598968	     0.788595	    -0.738432	     0.467853	     0.485625	     0.659820	     0.649885	     0.377209 
114	Pyroxene	10297757	    0.0517350	     -6.19187	      3.36282	      1.60564	     0.348116	     0.262049	     0.179711	    -0.495816	     0.219733	     0.840169	     0.848045	   -0.0858663	     0.522921	    -0.187045	    -0.971774	     0.143770 
115	Pyroxene	10617481	     0.138082	     -12.4743	   -0.0655201	      1.70527	     0.541161	     0.342707	     0.211550	    -0.575589	    -0.635622	     0.514473	     0.481874	     0.244661	     0.841391	    -0.660678	     0.732206	     0.165465 
116	Pyroxene	10699602	     0.193846	      13.0139	      5.39461	      1.62455	     0.677502	     0.357207	     0.262947	     0.700396	    -0.708454	    0.0868246	    -0.243689	    -0.123017	     0.962020	     0.670866	     0.694953	     0.258803 
117	Pyroxene	10716356	      1.20126	      7.97060	      5.86368	      2.07950	      1.04112	     0.935059	     0.370861	     0.811919	     0.140121	     0.566703	    -0.356611	    -0.649530	     0.671520	    -0.462185	     0.747313	     0.477397 
118	Pyroxene	10828630	      5.21920	     -2.63767	     -10.4449	      3.37407	      3.15664	      1.17828	     0.899672	    -0.340820	   -0.0257680	     0.939775	     0.606233	    -0.770054	     0.198743	     0.718556	     0.637459	     0.278071 
119	Pyroxene	10954703	    0.0824098	      9.28197	     -2.44659	      1.56105	     0.448198	     0.228622	     0.200002	     0.177769	    -0.943051	     0.281163	     0.787418	     0.307681	     0.534140	    -0.590230	     0.126439	     0.797271 
120	Pyroxene	10957763	     0.110429	     -11.0803	     -1.72499	      1.54061	     0.604935	     0.230478	     0.214799	    -0.118380	     0.992439	    0.0324054	    -0.982470	    -0.121799	     0.141127	     0.144007	   -0.0151307	     0.989461 
121	Pyroxene	11216959	     0.122516	      10.9796	     -9.20139	      1.69003	     0.378089	     0.311930	     0.261177	     0.779274	     0.504695	     0.371505	    -0.470905	    0.0804315	     0.878510	     0.413499	    -0.859543	     0.300341 
122	Pyroxene	11250723	     0.874917	      11.4951	     -7.34372	      2.08842	      1.39251	     0.747040	     0.518479	    -0.154063	    -0.937862	     0.310935	    -0.923351	     0.248670	     0.292551	     0.351692	     0.242031	     0.904286 
123	Pyroxene	11490669	    0.0582363	     -9.64268	      8.19007	      1.61320	     0.285354	     0.230115	     0.219454	    -0.391672	-9.02268e-005	     0.920105	     0.293075	    -0.947927	     0.124664	     0.872181	     0.318487	     0.371303 
124	Pyroxene	11969126	    0.0372675	      8.95332	     -8.86143	      1.67842	     0.256764	     0.190247	     0.186104	    -0.326488	    -0.653426	     0.682964	     0.939819	    -0.147421	     0.308232	    -0.100723	     0.742497	     0.662234 
125	Pyroxene	11976082	     0.159051	      5.49437	     -8.27249	      1.97489	     0.603215	     0.293001	     0.225322	    -0.421448	     0.176867	     0.889438	     0.200055	    -0.938500	     0.281417	     0.884511	     0.296539	     0.360146 
126	Pyroxene	12017123	     0.358300	     -14.1408	     -6.17614	      2.02940	      1.07579	     0.593402	     0.282811	    -0.913903	    -0.271187	     0.302058	     0.393606	    -0.773985	     0.496006	    0.0992781	     0.572193	     0.814088 
127	Pyroxene	12061982	     0.981501	      11.1281	     -3.08721	      2.47669	      1.15349	      1.04484	     0.403498	     0.580741	    -0.810175	    0.0797325	    -0.561369	    -0.327603	     0.759961	     0.589581	     0.486100	     0.645060 
128	Pyroxene	12161802	     0.586575	      11.1251	      3.41782	      2.26901	     0.885417	     0.597041	     0.544019	    -0.535561	     0.687184	     0.490869	     0.469032	    -0.241323	     0.849572	    -0.702270	    -0.685231	     0.193067 
129	Pyroxene	12585088	    0.0337880	      14.9992	      6.62864	      1.69721	     0.234979	     0.189953	     0.185060	     0.880854	  0.000204400	     0.473389	    -0.473389	   0.00107029	     0.880853	 -0.000326738	     -1.00000	   0.00103953 
130	Pyroxene	12704482	     0.476970	      9.56366	     -8.92051	      2.29309	      1.15215	     0.496845	     0.355570	    -0.473920	     0.650876	     0.593094	     0.175806	    -0.590038	     0.788002	     0.862840	     0.477719	     0.165202 
131	Pyroxene	12882759	      5.15116	     -3.17830	      1.61321	      4.64834	      2.53149	      2.02290	     0.737572	    -0.243895	    0.0984259	     0.964794	     0.545768	    -0.808420	     0.220440	     0.801656	     0.580318	     0.143452 
132	Pyroxene	12888064	     0.179012	      14.4984	      1.68863	      1.95373	     0.725021	     0.362838	     0.251091	     0.470013	    -0.824043	     0.316294	    -0.629122	   -0.0614132	     0.774876	     0.619107	     0.563190	     0.547288 
133	Pyroxene	12939767	      8.06261	    -0.417122	      6.08394	      3.66278	      2.18385	      1.76106	      1.35405	    -0.804334	    -0.588972	    0.0784761	    -0.196371	     0.388151	     0.900432	     0.560789	    -0.708838	     0.427860 
134	Pyroxene	13047567	    0.0725206	      10.7576	     -11.2166	      1.86038	     0.318737	     0.249189	     0.224419	     0.266866	     0.763850	     0.587635	    -0.242643	    -0.536852	     0.808031	     0.932688	    -0.358221	    0.0420753 
135	Pyroxene	13076436	    0.0346121	      12.7663	     -9.44073	      1.78066	     0.223380	     0.203848	     0.186619	  0.000756416	     0.999999	   0.00120351	 -0.000437513	  -0.00120318	     0.999999	      1.00000	 -0.000756919	  0.000436603 
136	Pyroxene	13134266	      1.24640	     -10.7389	     -5.96745	      2.59226	      1.13437	     0.881697	     0.518723	    0.0768615	    -0.626869	     0.775324	    -0.965386	     0.147601	     0.215043	     0.249242	     0.765015	     0.593826 
137	Pyroxene	13192181	    0.0128193	      1.56232	     -2.32964	      1.86354	     0.614361	     0.217063	    0.0277754	 3.87273e-005	    -0.926708	     0.375781	-7.20685e-007	     0.375781	     0.926708	     -1.00000	-3.61598e-005	 1.38851e-005 
138	Pyroxene	13231832	     0.512040	      13.8304	     0.354355	      2.23727	     0.899121	     0.470972	     0.346316	    -0.802684	     0.193854	     0.564021	     0.304503	    -0.679944	     0.667049	     0.512812	     0.707175	     0.486751 
139	Pyroxene	13242973	     0.702223	      9.07582	     0.572828	      2.64828	      1.20158	     0.528080	     0.323612	    -0.376346	    -0.499837	     0.780081	   -0.0321346	     0.848520	     0.528187	     0.925922	    -0.173714	     0.335399 
140	Pyroxene	13249357	     0.129841	      11.9873	      1.82790	      2.32490	     0.836989	     0.294963	     0.213321	   -0.0233458	     0.529530	     0.847970	    -0.696333	    -0.617227	     0.366267	     0.717339	    -0.581919	     0.383139 
141	Pyroxene	13512263	     0.462960	      10.7770	     -5.13332	      2.22158	      1.04703	     0.433895	     0.424590	    -0.818424	     0.451818	     0.355025	     0.454984	     0.132182	     0.880635	    -0.350959	    -0.882263	     0.313751 
142	Pyroxene	14300384	     0.466531	      14.2269	     -3.54748	      2.35715	     0.999772	     0.562476	     0.333768	     0.403963	    -0.862642	     0.304404	    -0.690527	   -0.0693017	     0.719979	     0.599989	     0.501044	     0.623673 
143	Pyroxene	14361686	     0.121875	     -11.4033	      1.30474	      2.18703	     0.644282	     0.275722	     0.245745	    -0.553681	     0.478816	     0.681302	     0.195607	    -0.720480	     0.665317	     0.809429	     0.501641	     0.305257 
144	Pyroxene	14418820	     0.140280	     -2.78108	      4.93165	      2.04916	     0.436222	     0.351421	     0.225479	    -0.231563	     0.937619	     0.259325	    -0.427961	    -0.337573	     0.838388	     0.873629	    0.0831588	     0.479434 
145	Pyroxene	14836720	     0.723741	      11.2489	      7.27194	      2.95865	      1.94885	     0.447662	     0.317103	    -0.257567	    -0.575832	     0.775936	    -0.129972	     0.816379	     0.562701	     0.957479	   -0.0440836	     0.285114 
146	Pyroxene	15018718	      5.34840	      9.04657	     -4.15539	      4.05831	      2.97929	      1.99297	      1.56625	    -0.607940	     0.110118	     0.786309	     0.689523	     0.564234	     0.454091	     0.393659	    -0.818238	     0.418949 
147	Pyroxene	15125700	    0.0509109	      13.5485	      2.33445	      2.12130	     0.340479	     0.199675	     0.188220	    -0.482560	   -0.0438169	     0.874766	     0.297811	    -0.947449	     0.116828	     0.823677	     0.316892	     0.470250 
148	Pyroxene	15220389	    0.0202362	      3.97451	      8.36130	      2.03563	     0.249687	     0.205783	     0.116842	   -0.0145398	    -0.586672	     0.809694	    -0.136559	     0.803357	     0.579628	     0.990525	     0.102143	    0.0917960 
149	Pyroxene	15553934	     0.387235	     -12.7787	      5.93089	      2.23934	     0.840709	     0.461543	     0.321923	     0.636160	    -0.769347	    0.0583667	     0.730355	     0.624852	     0.275938	    -0.248763	    -0.132912	     0.959402 
150	Pyroxene	15578427	      1.15639	      13.5561	      7.87117	      2.81795	      1.24170	      1.03639	     0.713458	    -0.565114	     0.819617	    0.0942055	     0.775132	     0.488371	     0.400829	    -0.282519	    -0.299535	     0.911297 
151	Pyroxene	15993619	     0.323962	     0.790693	      9.95700	      2.51873	     0.739263	     0.392138	     0.280183	    -0.266214	    -0.523130	     0.809608	     0.946477	    0.0171718	     0.322315	    -0.182515	     0.852079	     0.490560 
152	Pyroxene	16035103	    0.0254555	      1.04285	     -11.0140	      2.21253	     0.281485	     0.203656	     0.121932	    -0.843752	   -0.0247080	     0.536165	     0.536424	  -0.00486843	     0.843935	   -0.0182416	     0.999683	    0.0173617 
153	Pyroxene	16289879	    0.0684001	      14.1287	      5.27967	      2.22511	     0.277618	     0.253195	     0.239544	    -0.332483	     0.306898	     0.891778	     0.941138	    0.0468620	     0.334759	   -0.0609460	    -0.950588	     0.304414 
154	Pyroxene	16642207	    0.0233494	     -11.6950	      4.03970	      2.18293	     0.179596	     0.178241	     0.178208	  0.000494295	  -0.00690060	     0.999976	     0.892060	     0.451909	   0.00267757	    -0.451917	     0.892037	   0.00637913 
155	Pyroxene	16773381	      1.41516	      6.43621	     -10.7776	      3.76083	      1.62335	      1.31784	     0.489130	    -0.226867	     0.442522	     0.867586	    0.0872389	    -0.877999	     0.470646	     0.970011	     0.182461	     0.160584 
156	Pyroxene	16840425	     0.159509	     -12.9378	     -6.95685	      2.43963	     0.426970	     0.363750	     0.266390	     0.369276	     0.473176	     0.799837	    -0.530788	    -0.599082	     0.599470	     0.762823	    -0.645914	    0.0299297 
157	Pyroxene	16867572	    0.0880869	      6.27388	     -5.22022	      2.46639	     0.643652	     0.202785	     0.188726	    -0.410877	     0.316350	     0.855046	    0.0520488	    -0.928199	     0.368426	     0.910204	     0.195882	     0.364910 
158	Pyroxene	17058331	    0.0233494	     -14.0161	      6.80721	      2.22888	     0.179596	     0.178241	     0.178208	  0.000494295	  -0.00690060	     0.999976	     0.892060	     0.451909	   0.00267757	    -0.451917	     0.892037	   0.00637913 
159	Pyroxene	17323544	     0.185605	     -5.94308	     0.218707	      2.44848	     0.564640	     0.314708	     0.271572	    -0.181931	     0.898274	     0.400006	    -0.818340	    -0.363855	     0.444892	     0.545179	    -0.246401	     0.801291 
160	Pyroxene	17611369	      5.22643	      5.57882	     -5.66158	      4.03364	      2.32382	      1.54656	     0.644297	    -0.790489	     0.423179	     0.442772	    -0.279914	    -0.892619	     0.353384	     0.544771	     0.155408	     0.824059 
161	Pyroxene	17633670	      7.70953	    -0.698020	     -3.86926	      4.12495	      2.13636	      1.77881	      1.32276	    -0.371439	    -0.384006	     0.845324	     0.399140	     0.755992	     0.518809	     0.838284	    -0.530108	     0.127533 
