Number	Component	Unique#	Volume (mm^3)	PEllipsoid X (mm)	PEllipsoid Y (mm)	PEllipsoid Z (mm)	PEllipsoid Rad1 (mm)	PEllipsoid Rad2 (mm)	PEllipsoid Rad3 (mm)	PEllipsoid X1 (dmls)	PEllipsoid Y1 (dmls)	PEllipsoid Z1 (dmls)	PEllipsoid X2 (dmls)	PEllipsoid Y2 (dmls)	PEllipsoid Z2 (dmls)	PEllipsoid X3 (dmls)	PEllipsoid Y3 (dmls)	PEllipsoid Z3 (dmls) 
1	Oxide	409	     0.800840	      2.80774	     -11.3888	     0.337485	      1.35924	     0.572241	     0.426621	    -0.325086	    -0.200971	     0.924083	     0.934646	    -0.217142	     0.281578	     0.144068	     0.955228	     0.258426 
2	Oxide	56081	     0.392271	      8.69570	     -7.69123	     0.281764	     0.697578	     0.458321	     0.331816	    -0.165817	    -0.984612	    0.0551680	    -0.597013	     0.144754	     0.789064	     0.784908	   -0.0979045	     0.611829 
3	Oxide	84938	    0.0357109	      10.1997	     -6.27152	     0.144174	     0.241607	     0.202140	     0.190061	    -0.424815	     0.905280	   0.00139698	   0.00270829	 -0.000272240	     0.999996	    -0.905276	    -0.424817	   0.00233611 
4	Oxide	93694	    0.0265543	     -6.96343	     -5.78051	     0.271272	     0.252262	     0.169291	     0.169150	  0.000389529	 -0.000184387	      1.00000	    -0.568562	     0.822641	  0.000373155	    -0.822641	    -0.568562	  0.000215608 
5	Oxide	158873	    0.0875375	      15.4718	     -1.55179	     0.366122	     0.404456	     0.266285	     0.223400	    -0.334027	     0.551679	     0.764249	     0.583957	    -0.515341	     0.627230	    -0.739878	    -0.655801	     0.150019 
6	Oxide	173528	     0.288068	      10.6479	    -0.279536	     0.314233	     0.629379	     0.385947	     0.329690	    -0.165494	     0.818354	     0.550372	    0.0742361	    -0.546146	     0.834394	     0.983413	     0.178945	    0.0296325 
7	Oxide	232879	     0.679789	     -7.62623	      4.09193	     0.437252	      1.24490	     0.712083	     0.372356	    0.0386591	     0.996557	    0.0733381	    -0.898448	   0.00254108	     0.439072	     0.437374	   -0.0828645	     0.895454 
8	Oxide	250873	     0.134328	      11.4712	      4.43541	     0.203963	     0.484084	     0.314613	     0.251930	    -0.209396	    -0.953993	     0.214592	     0.328571	     0.138050	     0.934336	    -0.920975	     0.266155	     0.284547 
9	Oxide	266580	      2.34071	     -9.62342	      4.47491	      1.38655	      1.78923	      1.01817	     0.659541	    0.0493693	    -0.924219	     0.378657	    -0.174928	     0.365258	     0.914323	     0.983343	     0.111377	     0.143639 
10	Oxide	274342	    0.0879038	     -7.89099	      5.90307	     0.161565	     0.371855	     0.261003	     0.239348	     0.184032	    -0.982517	    0.0281366	     0.917171	     0.181945	     0.354534	    -0.353455	   -0.0394396	     0.934620 
11	Oxide	313668	      2.23157	     -10.4746	      9.25554	      2.41657	      2.27564	      1.03790	     0.646061	    -0.342202	     0.376623	     0.860845	    -0.707727	    -0.705950	    0.0275211	     0.618078	    -0.599825	     0.508123 
12	Oxide	322725	    0.0300338	     -13.4135	      8.81584	     0.144103	     0.208694	     0.201042	     0.186135	     0.999994	  0.000470283	   0.00356707	  -0.00356787	   0.00171370	     0.999992	  0.000464102	    -0.999998	   0.00171536 
13	Oxide	332300	     0.541707	      5.78875	      9.79633	     0.416186	     0.739746	     0.486372	     0.447535	    -0.605351	     0.645843	     0.465228	    -0.297742	    -0.725790	     0.620144	     0.738174	     0.236887	     0.631652 
14	Oxide	335408	     0.111803	     -12.2144	      9.69449	     0.216465	     0.352927	     0.341641	     0.249652	    -0.613044	    -0.159675	     0.773745	     0.733877	    -0.477779	     0.482859	     0.292578	     0.863847	     0.410081 
15	Oxide	347363	     0.485119	     -12.0107	      10.9647	     0.329662	     0.861850	     0.667038	     0.366468	    -0.748486	     0.584691	     0.312899	    -0.600090	    -0.797993	    0.0556733	     0.282243	    -0.146097	     0.948153 
16	Oxide	353930	     0.357933	     -1.15455	      11.1591	     0.233214	     0.701144	     0.387851	     0.375298	    -0.279872	    -0.922536	     0.265703	     0.246224	     0.198530	     0.948662	    -0.927925	     0.330926	     0.171588 
17	Oxide	366263	    0.0740773	     -15.4995	      11.6382	     0.236477	     0.343852	     0.243482	     0.241969	   -0.0214136	    0.0229458	     0.999507	     0.714814	    -0.698611	    0.0313524	    -0.698986	    -0.715134	   0.00144217 
18	Oxide	2064027	      1.02298	     -15.2361	      1.59833	     0.982848	      1.01217	     0.718496	     0.512231	    -0.331295	     0.904296	     0.269242	    -0.431472	    -0.398973	     0.809106	     0.839092	     0.151883	     0.522357 
19	Oxide	2566659	     0.117113	     -15.4288	      9.27664	     0.593330	     0.377119	     0.312081	     0.254361	     0.416847	    -0.496608	     0.761327	    -0.710487	     0.344412	     0.613668	     0.566962	     0.796719	     0.209266 
20	Oxide	2765148	    0.0600676	     -4.51574	     -1.73936	     0.533989	     0.288422	     0.230892	     0.219552	   -0.0876473	     0.996066	    0.0130705	    -0.642285	   -0.0665366	     0.763572	     0.761438	    0.0585300	     0.645590 
21	Oxide	4098624	     0.116198	     -9.59072	     -11.6432	     0.883425	     0.472776	     0.272765	     0.228340	     0.411930	   0.00108832	     0.911215	    -0.910962	    0.0240722	     0.411787	   -0.0214868	    -0.999710	    0.0109075 
22	Oxide	4210548	    0.0682170	     -3.10431	     -4.54885	     0.737410	     0.308595	     0.253158	     0.214545	    -0.717283	     0.694173	    0.0602367	     0.265899	     0.192790	     0.944526	    -0.644051	    -0.693510	     0.322865 
23	Oxide	4760775	    0.0648290	     -12.9463	      6.61413	     0.797834	     0.327849	     0.238286	     0.209791	    -0.278963	    -0.699696	     0.657727	     0.925617	   -0.0135014	     0.378221	    -0.255759	     0.714313	     0.651417 
24	Oxide	4796916	     0.544363	    -0.368599	      9.08574	      1.18433	     0.804488	     0.517514	     0.382895	    -0.597180	     0.528856	     0.603065	     0.526143	    -0.309226	     0.792182	    -0.605434	    -0.790374	    0.0935901 
25	Oxide	4982317	    0.0419374	     -8.67852	     -2.90140	     0.828484	     0.258479	     0.205874	     0.192183	    -0.303818	     0.269624	     0.913782	    -0.594865	    -0.802874	    0.0391154	     0.744198	    -0.531693	     0.404317 
26	Oxide	4988585	    0.0913833	     -11.3565	     -2.42383	     0.922320	     0.369240	     0.265744	     0.228266	    -0.206818	     0.492346	     0.845471	     0.925198	    -0.182608	     0.332660	    -0.318174	    -0.851029	     0.417751 
27	Oxide	5232449	     0.834354	     -14.3233	     -10.9180	      1.58944	      1.08200	     0.744557	     0.470807	     0.426404	    -0.661316	     0.617123	     0.298861	     0.746944	     0.593934	    -0.853734	   -0.0688216	     0.516142 
28	Oxide	5760674	     0.131215	     -2.67021	    -0.972837	     0.977773	     0.417738	     0.326621	     0.249458	    -0.375584	    -0.789599	     0.485253	     0.905427	    -0.424379	    0.0102510	     0.197837	     0.443211	     0.874314 
29	Oxide	6461624	    0.0412049	    0.0867463	     -3.61375	     0.984481	     0.247278	     0.212066	     0.192408	     0.669159	     0.313536	     0.673737	    -0.411159	    -0.599007	     0.687124	    -0.619011	     0.736808	     0.271918 
30	Oxide	6825596	     0.204376	     -8.33535	     -4.17434	      1.50302	     0.709350	     0.388851	     0.231476	    -0.414602	    0.0332874	     0.909394	     0.855338	    -0.326885	     0.401923	     0.310646	     0.944478	     0.107055 
31	Oxide	6987967	    0.0523760	     -8.99186	      6.21270	      1.03241	     0.322600	     0.210757	     0.192855	     0.565898	     0.771073	     0.291900	    -0.576140	     0.116580	     0.808994	     0.589764	    -0.625984	     0.510218 
32	Oxide	7876788	     0.153465	      1.15112	     -8.17837	      1.25899	     0.509780	     0.317065	     0.241510	    -0.326391	     0.928503	     0.177062	     0.705420	     0.114587	     0.699465	    -0.629167	    -0.353202	     0.692385 
33	Oxide	8047059	     0.214357	      7.47471	      2.36879	      1.72088	     0.893765	     0.339223	     0.281257	    -0.378885	    -0.160853	     0.911357	     0.400088	    -0.916465	   0.00457628	     0.834492	     0.366357	     0.411590 
34	Oxide	8147092	     0.440160	     -14.6633	      8.63610	      1.57252	     0.887699	     0.438587	     0.356052	    -0.543902	    -0.548530	     0.635047	     0.216442	     0.639465	     0.737724	     0.810755	    -0.538701	     0.229081 
35	Oxide	8200807	     0.415162	     -2.02898	     -11.4846	      1.51420	     0.630077	     0.491875	     0.383026	    -0.953236	     0.142962	     0.266277	     0.186144	    -0.416389	     0.889927	     0.238100	     0.897876	     0.370306 
36	Oxide	8839419	    0.0471567	      11.1550	      5.36928	      1.29724	     0.253996	     0.223507	     0.203422	    -0.201220	    -0.156659	     0.966938	     0.965553	    -0.197980	     0.168856	     0.164981	     0.967606	     0.191100 
37	Oxide	9100559	     0.566796	     -5.62004	     -1.89080	      1.59494	     0.742586	     0.701266	     0.320221	     0.506428	    -0.548050	     0.665712	    -0.854777	    -0.217430	     0.471255	     0.113526	     0.807691	     0.578573 
38	Oxide	9113227	    0.0312242	     -5.01521	    -0.870425	      1.29339	     0.212118	     0.195559	     0.184494	    -0.657746	  0.000115520	     0.753240	     0.753234	   0.00399406	     0.657741	   0.00293256	    -0.999992	   0.00271409 
39	Oxide	10118507	     0.134969	     -5.36424	     -7.86898	      1.51639	     0.384680	     0.306158	     0.283529	     0.545587	     0.796922	     0.259327	     0.550837	    -0.574211	     0.605690	    -0.631596	     0.187610	     0.752256 
40	Oxide	10261899	     0.942493	     -6.66457	     0.720501	      1.82951	     0.860943	     0.801941	     0.438529	    -0.686006	    -0.648255	     0.330395	     0.727544	    -0.605725	     0.322144	  -0.00870312	     0.461369	     0.887165 
41	Oxide	10510631	    0.0233494	     -12.1413	     -6.76252	      1.44763	     0.179596	     0.178241	     0.178208	  0.000494295	  -0.00690060	     0.999976	     0.892060	     0.451909	   0.00267757	    -0.451917	     0.892037	   0.00637913 
42	Oxide	10653993	    0.0233494	     -14.3732	      2.34348	      1.44763	     0.179596	     0.178241	     0.178208	  0.000494295	  -0.00690060	     0.999976	     0.892060	     0.451909	   0.00267757	    -0.451917	     0.892037	   0.00637913 
43	Oxide	11744950	      2.96373	      11.6387	      1.01085	      3.40698	      2.12769	      1.15198	     0.629447	    -0.356070	     0.491853	     0.794541	   -0.0671396	    -0.861536	     0.503237	     0.932044	     0.125842	     0.339790 
44	Oxide	11902220	     0.365075	      3.65222	      10.5930	      1.93433	     0.687957	     0.428236	     0.379593	     0.230532	    -0.451602	     0.861923	     0.567468	     0.781955	     0.257927	    -0.790465	     0.429654	     0.436536 
45	Oxide	12920323	     0.197784	      10.8667	      4.21156	      1.92406	     0.484738	     0.439973	     0.247891	     0.298456	     0.920042	     0.253863	     0.640828	    -0.390287	     0.661072	    -0.707293	    0.0346184	     0.706072 
46	Oxide	13044549	    0.0655616	      1.48817	     -11.5568	      1.82196	     0.305657	     0.253592	     0.208450	    -0.252889	    -0.933656	     0.253641	    -0.907030	     0.320018	     0.273652	     0.336666	     0.160856	     0.927783 
47	Oxide	13599705	    0.0233494	     -8.03471	     0.111618	      1.81528	     0.179596	     0.178241	     0.178208	  0.000494295	  -0.00690060	     0.999976	     0.892060	     0.451909	   0.00267757	    -0.451917	     0.892037	   0.00637913 
48	Oxide	13820784	     0.472849	      6.20914	     -9.64355	      2.28557	      1.01756	     0.441319	     0.333062	    -0.854135	    -0.224946	     0.468884	    -0.198606	     0.974367	     0.105661	     0.480634	   0.00287479	     0.876917 
49	Oxide	14031381	     0.601866	     -6.07377	      3.07346	      2.52998	      1.44123	     0.496550	     0.416768	     0.417073	    -0.759515	     0.499186	     0.424861	     0.648458	     0.631661	    -0.803457	   -0.0513643	     0.593142 
50	Oxide	14943497	     0.311967	      7.96714	     -9.27321	      2.33286	     0.629235	     0.405944	     0.316710	    -0.112797	    -0.611924	     0.782832	    0.0453106	     0.783872	     0.619267	     0.992584	    -0.105322	    0.0606921 
51	Oxide	15080877	    0.0663857	     -10.3231	    -0.485886	      2.16115	     0.393246	     0.209408	     0.200088	    -0.486396	    -0.131120	     0.863844	     0.873734	   -0.0761738	     0.480402	   0.00281204	     0.988436	     0.151615 
52	Oxide	15209749	     0.968498	    -0.458438	      7.97150	      2.81199	      1.12096	     0.542112	     0.448958	    -0.195712	     0.490164	     0.849374	    -0.918336	    -0.395454	    0.0166103	     0.344030	    -0.776760	     0.527530 
53	Oxide	15378989	     0.109056	     -8.40172	     -5.06802	      2.11777	     0.439906	     0.256786	     0.239210	  -0.00753611	     0.999207	    0.0391102	     0.998421	   0.00534136	    0.0559215	   -0.0556682	   -0.0394698	     0.997669 
54	Oxide	15643902	     0.132497	     -13.8361	      11.5155	      2.27179	     0.654661	     0.313627	     0.228487	    -0.657117	    -0.322442	     0.681343	    -0.260046	     0.945371	     0.196592	     0.707512	    0.0479966	     0.705070 
55	Oxide	16522232	    0.0484386	     -1.07968	     -3.57631	      2.22734	     0.265804	     0.216044	     0.207339	     0.407875	    -0.714267	     0.568735	     0.264445	     0.688621	     0.675181	    -0.873903	    -0.124990	     0.469756 
56	Oxide	17389523	     0.416536	     -10.7103	      4.04415	      2.48548	     0.646456	     0.432906	     0.396705	    -0.271006	    -0.938428	     0.214262	    -0.900366	     0.325856	     0.288374	     0.340436	     0.114763	     0.933238 
57	Oxide	17987664	     0.161981	     -15.4799	     -5.18794	      2.58044	     0.450782	     0.345974	     0.265361	   -0.0164174	    -0.400942	     0.915956	    -0.216455	     0.895781	     0.388232	     0.976155	     0.191889	     0.101492 
58	Oxide	18100300	     0.179562	     -8.49975	      2.13576	      2.58798	     0.490741	     0.322539	     0.289553	    -0.232585	     0.879158	     0.415915	     0.775882	   -0.0901335	     0.624406	    -0.586440	    -0.467928	     0.661160 
59	Oxide	18283296	    0.0294844	      1.09360	     -10.0657	      2.43565	     0.216317	     0.182444	     0.182222	    -0.682446	 -0.000943648	     0.730936	     0.730770	   -0.0222333	     0.682262	    0.0156071	     0.999752	    0.0158626 
60	Oxide	18683221	    0.0363519	     -2.55823	     -8.37733	      2.48531	     0.240644	     0.198992	     0.186538	    -0.266383	    -0.859335	     0.436558	     0.963340	    -0.222377	     0.150085	   -0.0318924	     0.460534	     0.887069 
61	Oxide	18931107	     0.360955	     -15.0116	      7.30556	      2.83371	     0.678913	     0.470185	     0.347979	    -0.217969	    -0.683762	     0.696390	    -0.814629	     0.520423	     0.256008	     0.537466	     0.511497	     0.670448 
62	Oxide	20579062	     0.412690	     -9.37431	     -6.56800	      3.25179	     0.783523	     0.472817	     0.344074	   -0.0728622	    -0.642886	     0.762489	    -0.246454	     0.752417	     0.610843	     0.966411	     0.143411	     0.213265 
63	Oxide	20939832	     0.429355	     -3.63974	     -6.85853	      3.23068	     0.779912	     0.451707	     0.354956	    -0.210408	   -0.0519723	     0.976231	     0.744343	    -0.655896	     0.125511	     0.633783	     0.753060	     0.176691 
64	Oxide	21373654	    0.0531085	    -0.235114	     -3.12224	      2.86282	     0.255293	     0.235962	     0.219648	    -0.406907	     0.384900	     0.828419	    -0.107525	    -0.920770	     0.374993	     0.907119	    0.0635114	     0.416055 
65	Oxide	21623957	      1.10649	     0.852759	     -11.2280	      3.84444	      1.80280	     0.639447	     0.456270	    -0.431077	    -0.207739	     0.878076	     0.839197	    -0.449870	     0.305559	     0.331543	     0.868598	     0.368262 
66	Oxide	21669493	    0.0474314	     -5.75764	     -7.97771	      2.86608	     0.256134	     0.222811	     0.203079	    -0.469456	    -0.647548	     0.600244	     0.870530	    -0.453096	     0.192046	     0.147609	     0.612687	     0.776419 
67	Oxide	23108659	    0.0541158	    -0.101800	     -11.1809	      3.03047	     0.281631	     0.239815	     0.197262	    -0.994994	   -0.0215612	    0.0975778	    0.0243773	     0.894580	     0.446243	    0.0969126	    -0.446388	     0.889576 
68	Oxide	23295509	    0.0698652	     -6.79577	     0.625791	      3.11799	     0.296991	     0.246399	     0.233679	    -0.479857	    -0.324688	     0.815055	     0.669793	    -0.735606	     0.101297	     0.566669	     0.594527	     0.570460 
69	Oxide	23440826	     0.108689	      15.4640	      9.67951	      3.15401	     0.453149	     0.271879	     0.222027	   -0.0423595	    -0.814708	     0.578323	    -0.983872	     0.134700	     0.117693	     0.173785	     0.564010	     0.807274 
70	Oxide	23500100	    0.0311326	     -6.00372	     -10.0434	      3.07906	     0.223519	     0.184675	     0.183325	    -0.567475	    -0.567944	     0.596164	     0.422202	     0.420901	     0.802862	    -0.706907	     0.707306	  0.000936966 
71	Oxide	23885408	    0.0984339	     -3.09642	     -9.26074	      3.23036	     0.368728	     0.284602	     0.229555	    -0.331717	    -0.744567	     0.579297	     0.675480	     0.241205	     0.696812	    -0.658552	     0.622448	     0.422928 
72	Oxide	24721714	     0.637486	     -14.7806	     -3.69164	      3.72279	     0.753853	     0.649710	     0.420683	    -0.413229	    -0.505221	     0.757624	     0.785461	     0.223211	     0.577259	    -0.460754	     0.833624	     0.304594 
73	Oxide	25162571	     0.116198	     -11.4547	     0.703243	      3.51820	     0.512973	     0.291039	     0.214311	    0.0860919	    -0.565661	     0.820132	    -0.731449	     0.523026	     0.437524	     0.676440	     0.637552	     0.368724 
74	Oxide	25995989	    0.0533832	      4.69219	      6.50996	      3.38824	     0.275081	     0.221797	     0.214137	    -0.956763	   -0.0584147	     0.284943	     0.269243	     0.192819	     0.943573	     0.110061	    -0.979494	     0.168754 
75	Oxide	26053206	      1.10667	     -14.6174	      10.1247	      4.04910	      1.10205	     0.922295	     0.438883	    -0.634749	    -0.768746	    0.0782504	    -0.338301	     0.367514	     0.866306	     0.694727	    -0.523415	     0.493346 
76	Oxide	27957739	    0.0693158	     -9.69274	     -10.9661	      3.70931	     0.336106	     0.236124	     0.214050	    0.0561590	    -0.761408	     0.645836	    -0.960770	     0.134751	     0.242409	     0.271599	     0.634114	     0.723971 
77	Oxide	27972483	     0.173244	     -10.7585	     -10.0386	      3.89069	     0.467832	     0.356543	     0.274406	    -0.568111	    -0.191775	     0.800295	     0.646946	    -0.705121	     0.290284	     0.508636	     0.682661	     0.524656 
78	Oxide	28799134	    0.0428531	     -14.0837	     -4.77727	      3.74452	     0.269281	     0.201489	     0.191968	    -0.804682	    -0.250986	     0.538045	     0.412623	    -0.888026	     0.202861	     0.426882	     0.385249	     0.818141 
79	Oxide	29299048	     0.121234	     -10.4378	      3.38883	      3.99869	     0.536643	     0.276943	     0.213127	   -0.0369087	    0.0368324	     0.998640	     0.647633	    -0.760178	    0.0519731	     0.761058	     0.648671	   0.00420329 
80	Oxide	30109809	    0.0649206	     -1.44839	      7.52339	      3.94830	     0.307144	     0.241899	     0.213823	    -0.444313	     0.281606	     0.850461	     0.668020	    -0.528405	     0.523964	     0.596939	     0.800929	    0.0466589 
81	Oxide	30689677	    0.0369013	     -6.16114	     -3.03121	      3.96453	     0.227685	     0.206467	     0.192218	    -0.852898	    -0.517142	    0.0716215	     0.308651	    -0.388819	     0.868075	    -0.421070	     0.762486	     0.491239 
82	Oxide	31082642	    0.0816773	     -6.64784	     -1.73715	      4.14536	     0.330438	     0.286245	     0.223541	     0.365278	    -0.229238	     0.902232	    -0.834328	     0.349249	     0.426523	     0.412879	     0.908557	    0.0636872 
83	Oxide	31337637	    0.0233494	     -15.3552	     -9.17293	      4.02116	     0.179596	     0.178241	     0.178208	  0.000494295	  -0.00690060	     0.999976	     0.892060	     0.451909	   0.00267757	    -0.451917	     0.892037	   0.00637913 
84	Oxide	31559910	    0.0233494	     -9.77557	      4.93244	      4.02116	     0.179596	     0.178241	     0.178208	  0.000494295	  -0.00690060	     0.999976	     0.892060	     0.451909	   0.00267757	    -0.451917	     0.892037	   0.00637913 
85	Oxide	31691946	    0.0563134	     -15.5061	     -10.4113	      4.17996	     0.336574	     0.214029	     0.197649	  -0.00115350	    -0.508417	     0.861110	    -0.996936	    0.0679328	    0.0387734	    0.0782107	     0.858427	     0.506937 
86	Oxide	32238349	     0.413056	     -7.94018	     0.957455	      4.46793	     0.813604	     0.613704	     0.354844	     0.702042	     0.146488	     0.696906	    -0.583505	     0.679328	     0.445012	    -0.408239	    -0.719065	     0.562393 
87	Oxide	32697997	     0.255928	     -12.8694	      6.20501	      4.61930	     0.588481	     0.388182	     0.299287	    -0.238631	    0.0515817	     0.969740	     0.798215	    -0.558321	     0.226120	     0.553090	     0.828020	    0.0920594 
88	Oxide	32724657	     0.475962	     -15.2757	      7.82445	      4.63924	      1.04851	     0.610379	     0.320795	     0.818749	     0.483989	     0.308876	   -0.0320437	    -0.498612	     0.866233	    -0.573257	     0.719125	     0.392729 
89	Oxide	32781036	     0.171046	     -9.16237	      11.4473	      4.34440	     0.588610	     0.349842	     0.240799	    -0.223411	     0.969538	     0.100420	    -0.429922	    -0.190477	     0.882545	     0.874789	     0.153997	     0.459380 
90	Oxide	33063943	     0.383938	      4.24184	      6.20646	      4.62689	     0.857969	     0.429830	     0.334909	    -0.301380	     0.526739	     0.794806	    0.0482941	    -0.824061	     0.564439	     0.952280	     0.208495	     0.222917 
91	Oxide	33588087	    0.0873544	     -8.80740	     -8.25963	      4.45919	     0.393550	     0.252567	     0.216773	    0.0707047	    -0.510251	     0.857114	    -0.479459	     0.736110	     0.477766	     0.874711	     0.444732	     0.192598 
92	Oxide	34894848	    0.0870797	     -13.9335	      3.66836	      4.58679	     0.348395	     0.271185	     0.227061	     0.221564	    -0.524457	     0.822104	     0.126288	     0.851390	     0.509104	    -0.966934	  -0.00897687	     0.254870 
93	Oxide	34901962	     0.149253	     -10.2328	      4.30225	      4.70016	     0.455181	     0.300364	     0.270452	    -0.117167	     0.159605	     0.980203	     0.979338	     0.182387	    0.0873657	     0.164832	    -0.970186	     0.177677 
94	Oxide	35239157	    0.0293013	      10.2443	      1.96405	      4.48073	     0.215859	     0.182790	     0.181653	    -0.707035	    -0.707178	  0.000840485	   0.00711295	  -0.00592297	     0.999957	    -0.707143	     0.707011	   0.00921788 
95	Oxide	35807929	    0.0565881	      12.1900	     -9.25522	      4.70269	     0.341494	     0.209299	     0.198987	    -0.142672	   -0.0446663	     0.988762	     0.906519	    -0.406920	     0.112423	     0.397326	     0.912371	    0.0985469 
96	Oxide	36306592	    0.0754507	     -8.58083	     -1.33259	      4.69543	     0.338095	     0.262367	     0.210750	     0.308839	    -0.846031	     0.434568	     0.899287	     0.408514	     0.156205	    -0.309681	     0.342559	     0.886990 
97	Oxide	36372409	    0.0907423	      10.6908	      2.81048	      4.73324	     0.475755	     0.252167	     0.201113	    -0.823146	    -0.414450	     0.388152	    -0.425459	     0.902866	    0.0617750	     0.376052	     0.114293	     0.919522 
98	Oxide	36554753	    0.0398314	     -8.52572	     -9.08696	      4.71144	     0.246111	     0.208776	     0.189754	 -0.000471383	     0.615550	     0.788097	  0.000481925	    -0.788097	     0.615551	      1.00000	  0.000669964	 7.48464e-005 
99	Oxide	36726135	     0.278454	     -15.4074	      1.70570	      4.95834	     0.541348	     0.499624	     0.297807	    -0.163462	    -0.938102	     0.305361	    -0.614951	     0.338922	     0.712016	     0.771437	    0.0713947	     0.632288 
100	Oxide	36792211	     0.624300	     -15.4696	      5.39137	      5.59871	      1.28348	     0.707977	     0.278900	    0.0127170	    -0.412863	     0.910704	    0.0599023	     0.909457	     0.411461	    -0.998123	    0.0493206	    0.0362970 
101	Oxide	37515750	     0.120227	     -8.78129	      4.75966	      4.85971	     0.482009	     0.279882	     0.223876	    -0.708017	     0.584134	     0.396863	     0.690929	     0.689201	     0.218220	     0.146048	    -0.428708	     0.891560 
102	Oxide	37793909	     0.704238	      12.0079	     -1.86286	      5.64280	      1.10590	     0.576255	     0.416741	    -0.342569	    -0.569654	     0.747088	    -0.389368	     0.809781	     0.438917	     0.855008	     0.140533	     0.499211 
103	Oxide	38120194	    0.0233494	     -14.7749	     -4.35211	      4.84837	     0.179596	     0.178241	     0.178208	  0.000494295	  -0.00690060	     0.999976	     0.892060	     0.451909	   0.00267757	    -0.451917	     0.892037	   0.00637913 
104	Oxide	39248639	     0.268107	     -9.18180	     -3.76087	      5.19755	     0.592844	     0.388971	     0.326841	    -0.914330	    -0.322243	     0.245274	     0.355400	    -0.928852	     0.104521	     0.194143	     0.182737	     0.963803 
105	Oxide	39802067	     0.195403	     -1.48152	      7.37587	      5.32905	     0.716777	     0.339168	     0.232382	    0.0306712	    -0.846030	     0.532251	    -0.952056	     0.137432	     0.273315	     0.304382	     0.515116	     0.801253 
106	Oxide	39806498	      1.13817	      8.04174	      6.90067	      6.68819	      1.90344	     0.732334	     0.543730	   -0.0115733	    -0.448608	     0.893653	    -0.727948	     0.616492	     0.300048	     0.685534	     0.647061	     0.333698 
107	Oxide	40375475	     0.257668	     -12.2990	     -3.24132	      5.42544	     0.587762	     0.366588	     0.309494	    -0.421736	    -0.613059	     0.668055	    -0.265140	     0.787961	     0.555714	     0.867087	   -0.0572366	     0.494858 
108	Oxide	40851183	    0.0595182	      9.19024	      3.46294	      5.24170	     0.278979	     0.254316	     0.204313	     0.880227	    -0.461523	     0.110444	    0.0637312	     0.345590	     0.936219	    -0.470255	    -0.817046	     0.333611 
109	Oxide	41923713	    0.0707809	     -1.93241	     0.554609	      5.38680	     0.311785	     0.264044	     0.211464	     0.870805	    -0.477280	     0.117906	    -0.172771	   -0.0725635	     0.982285	     0.460269	     0.875750	     0.145649 
110	Oxide	42295998	    0.0779230	     -15.4856	     0.523607	      5.45547	     0.344504	     0.255261	     0.222564	   -0.0759119	    -0.809836	     0.581724	     0.919278	     0.169134	     0.355418	    -0.386220	     0.561746	     0.731625 
111	Oxide	42722785	    0.0541158	     -12.5335	      3.95863	      5.49707	     0.286969	     0.229173	     0.200898	     0.127815	    -0.338993	     0.932066	     0.824620	     0.558476	    0.0900371	    -0.551058	     0.757093	     0.350922 
112	Oxide	43478508	    0.0448676	     -12.5795	      4.70481	      5.53530	     0.259286	     0.211867	     0.199814	     0.530712	     0.630563	     0.566335	    -0.539722	    -0.263768	     0.799454	     0.653487	    -0.729943	     0.200344 
113	Oxide	44045341	     0.699201	     -3.10582	     -5.99587	      6.13774	      1.06146	     0.765671	     0.443862	    -0.225210	     0.823626	     0.520500	    -0.225337	    -0.563771	     0.794598	     0.947894	    0.0616636	     0.312560 
114	Oxide	45083506	    0.0379085	     -10.4674	     -11.6438	      5.76747	     0.234591	     0.210566	     0.190862	     0.418090	 -0.000174154	     0.908406	  0.000183482	      1.00000	  0.000107268	    -0.908406	  0.000121828	     0.418090 
115	Oxide	45579866	     0.149436	     -8.48135	     -3.84439	      5.98122	     0.380515	     0.361956	     0.281103	     0.463536	    -0.540398	     0.702214	     0.499383	     0.813973	     0.296757	    -0.731951	     0.213116	     0.647171 
116	Oxide	47431910	     0.711288	      6.09773	     -4.08732	      6.34627	      1.16991	     0.615521	     0.347345	    -0.534922	     0.838446	     0.104245	    -0.524758	    -0.426394	     0.736761	     0.662183	     0.339407	     0.668069 
117	Oxide	47775201	    0.0938556	     -14.6069	     -6.36953	      6.21122	     0.385718	     0.277132	     0.215816	    -0.374892	     0.371209	     0.849506	    -0.130839	    -0.928349	     0.347921	     0.917789	    0.0192842	     0.396599 
118	Oxide	48315114	    0.0958701	     -14.1623	      4.18450	      6.18982	     0.369793	     0.266075	     0.240735	    -0.373937	    -0.862237	     0.341640	    -0.471352	     0.493923	     0.730662	     0.798748	    -0.112189	     0.591113 
119	Oxide	48725940	    0.0505447	     -1.92490	      6.59424	      6.20782	     0.258611	     0.236192	     0.202922	    -0.532529	     0.169035	     0.829361	     0.307087	    -0.874506	     0.375415	     0.788740	     0.454605	     0.413791 
120	Oxide	48889392	    0.0455085	      13.9719	     -6.68154	      6.25761	     0.253937	     0.214908	     0.204715	     0.283337	    0.0171947	     0.958866	    -0.954070	     0.106514	     0.280010	   -0.0973175	    -0.994162	    0.0465843 
121	Oxide	48912758	    0.0696821	     -9.91125	     -5.04804	      6.29561	     0.362999	     0.227889	     0.211270	     0.123575	     0.519447	     0.845520	    -0.777320	    -0.478976	     0.407867	     0.616849	    -0.707642	     0.344587 
122	Oxide	50434135	     0.135335	     -6.10218	     -3.03481	      6.47822	     0.388870	     0.326508	     0.267404	    -0.917296	    -0.391582	    0.0723247	    -0.304303	     0.806473	     0.506952	     0.256842	    -0.443017	     0.858935 
123	Oxide	50634993	    0.0233494	     -15.0874	      9.57472	      6.36491	     0.179596	     0.178241	     0.178208	  0.000494295	  -0.00690060	     0.999976	     0.892060	     0.451909	   0.00267757	    -0.451917	     0.892037	   0.00637913 
124	Oxide	50789601	     0.273143	      13.9762	     -4.13313	      6.76508	     0.525311	     0.377285	     0.369991	     0.109037	     0.141033	     0.983982	    -0.950494	     0.304560	    0.0616742	    -0.290983	    -0.941994	     0.167260 
125	Oxide	51106659	    0.0347953	      14.2170	     -7.81149	      6.47978	     0.219545	     0.209951	     0.185275	     0.706697	     0.707517	  0.000418062	-2.81705e-005	 -0.000562749	      1.00000	    -0.707517	     0.706697	  0.000377761 
126	Oxide	51244615	    0.0411133	     -9.67465	     0.999984	      6.47527	     0.234900	     0.213639	     0.201764	    -0.237081	     0.959001	     0.155271	    -0.527667	    -0.261313	     0.808259	     0.815696	     0.109691	     0.567986 
127	Oxide	52119760	     0.183682	     -13.6561	      9.20013	      6.74295	     0.486023	     0.372845	     0.293475	    0.0874462	     0.954010	     0.286737	    -0.304506	    -0.248463	     0.919534	     0.948488	    -0.167723	     0.268775 
128	Oxide	53579874	      1.17269	     -14.7149	      6.68882	      7.24450	      1.32376	     0.575266	     0.468500	    -0.208000	    -0.943449	     0.258146	     0.970503	    -0.166171	     0.174675	    -0.121900	     0.286864	     0.950184 
129	Oxide	54304950	     0.437962	     -2.17294	      5.91778	      7.34263	     0.739127	     0.547082	     0.308227	    -0.519086	    -0.437986	     0.733974	    -0.496326	     0.853574	     0.158340	     0.695852	     0.282099	     0.660462 
130	Oxide	55504880	    0.0641881	     -5.89522	      11.2009	      7.09134	     0.294546	     0.239269	     0.223307	   -0.0249764	    -0.201803	     0.979108	     0.484063	     0.854496	     0.188468	    -0.874677	     0.478657	    0.0763432 
131	Oxide	57442085	     0.454444	      13.6360	     -7.80875	      7.57103	     0.740969	     0.459695	     0.355823	    -0.622607	    -0.643361	     0.445474	    -0.269644	     0.710788	     0.649671	     0.734610	    -0.284370	     0.616020 
132	Oxide	58218291	     0.108598	     -13.6012	     -5.62174	      7.41643	     0.392088	     0.304081	     0.233145	    -0.524673	     0.831445	     0.182803	    -0.604238	    -0.514978	     0.608025	     0.599679	     0.208558	     0.772586 
133	Oxide	58569808	     0.204376	     -12.6224	     -7.45547	      7.70153	     0.806968	     0.303212	     0.246621	     0.218501	    -0.751320	     0.622716	     0.145851	     0.656111	     0.740436	    -0.964875	   -0.0709626	     0.252942 
134	Oxide	58928523	     0.125995	     -4.33937	     -7.95513	      7.55741	     0.412693	     0.305436	     0.259602	    -0.759826	    -0.535900	     0.368070	     0.418341	    0.0303451	     0.907783	    -0.497650	     0.843736	     0.201132 
135	Oxide	59160158	      3.01144	      10.7657	      5.63232	      9.58852	      2.26105	      1.16263	     0.664420	    -0.152946	    -0.503421	     0.850397	    -0.786471	     0.583064	     0.203716	     0.598390	     0.637655	     0.485103 
136	Oxide	59644110	    0.0276531	     -7.38748	     -9.84254	      7.51380	     0.203928	     0.182333	     0.182231	      1.00000	  0.000535672	  0.000392027	 -0.000558601	     0.998093	    0.0617374	 -0.000358231	   -0.0617377	     0.998092 
137	Oxide	59721747	     0.128559	      6.21634	     -4.89120	      7.75343	     0.461282	     0.294283	     0.253512	    -0.262942	    -0.322435	     0.909339	    -0.180827	     0.942272	     0.281825	     0.947715	    0.0903301	     0.306068 
138	Oxide	60522142	     0.331196	     -7.91284	     -1.52075	      8.00172	     0.708236	     0.452119	     0.329961	     0.664151	   -0.0680809	     0.744492	    -0.103913	    -0.994585	   0.00174847	    -0.740341	    0.0785236	     0.667629 
139	Oxide	60575970	    0.0233494	      9.77556	      1.98638	      7.60572	     0.179596	     0.178241	     0.178208	  0.000494295	  -0.00690060	     0.999976	     0.892060	     0.451909	   0.00267757	    -0.451917	     0.892037	   0.00637913 
140	Oxide	60836602	     0.509934	      1.57032	     -5.33862	      8.23465	      1.00407	     0.430287	     0.322972	    -0.280314	    -0.493237	     0.823494	    -0.793453	     0.601879	    0.0904118	     0.540238	     0.628060	     0.560075 
141	Oxide	61936665	     0.405182	     -4.33148	     -6.47617	      8.17197	     0.891360	     0.638621	     0.388871	     0.395846	    -0.907605	     0.139852	    -0.857965	    -0.311218	     0.408705	     0.327418	     0.281772	     0.901888 
142	Oxide	62100974	    0.0498121	     -12.7548	      4.18943	      7.90154	     0.316277	     0.211956	     0.188692	     0.474900	    -0.202647	     0.856390	    -0.880016	    -0.116507	     0.460432	  -0.00647031	     0.972296	     0.233662 
143	Oxide	63481076	    0.0329639	     -7.75124	     -2.81720	      8.00135	     0.219848	     0.197714	     0.185270	     0.452405	    -0.616092	     0.644795	    -0.891640	    -0.298257	     0.340619	    0.0175382	     0.729022	     0.684265 
144	Oxide	63482349	    0.0233494	     -13.7036	     -2.70053	      7.97337	     0.179596	     0.178241	     0.178208	  0.000494295	  -0.00690060	     0.999976	     0.892060	     0.451909	   0.00267757	    -0.451917	     0.892037	   0.00637913 
145	Oxide	63597618	    0.0233494	     -14.7303	      4.61998	      7.97337	     0.179596	     0.178241	     0.178208	  0.000494295	  -0.00690060	     0.999976	     0.892060	     0.451909	   0.00267757	    -0.451917	     0.892037	   0.00637913 
146	Oxide	64516449	     0.134786	     -14.4325	     -8.04451	      8.26168	     0.524628	     0.344752	     0.225405	    -0.287598	    -0.907721	     0.305500	    -0.807391	     0.401361	     0.432469	     0.515176	     0.122281	     0.848316 
147	Oxide	65420546	    0.0409302	     -12.5514	      2.09538	      8.22675	     0.251803	     0.204643	     0.194647	   -0.0662483	    -0.936164	     0.345266	    -0.846823	     0.235762	     0.476767	     0.527733	     0.260794	     0.808384 
148	Oxide	66429313	     0.250892	     -14.1361	     -5.28282	      8.56109	     0.627590	     0.358722	     0.296437	     0.137119	    -0.955714	     0.260402	     0.299384	     0.290575	     0.908810	    -0.944228	   -0.0466549	     0.325969 
149	Oxide	66644517	     0.436955	     -10.7230	      8.68687	      8.63733	     0.612479	     0.562742	     0.358779	    -0.422663	    -0.286915	     0.859672	     0.588371	     0.634618	     0.501079	     0.689330	    -0.717593	    0.0994165 
150	Oxide	66723919	    0.0732532	     -12.1040	     -9.77314	      8.50922	     0.327576	     0.268687	     0.206248	    -0.583247	     0.186491	     0.790597	     0.812293	     0.136085	     0.567152	   0.00181929	    -0.972986	     0.230857 
151	Oxide	67495994	     0.265634	     -3.94357	     -8.38688	      8.88430	     0.757160	     0.407183	     0.254709	   0.00792111	    -0.643919	     0.765052	     0.573824	     0.629498	     0.523887	    -0.818940	     0.434856	     0.374483 
152	Oxide	67960627	    0.0893688	     -6.14887	     -2.20546	      8.60369	     0.305260	     0.274017	     0.261908	     0.889628	    -0.432814	     0.145722	    -0.451105	    -0.882554	     0.132675	   -0.0711837	     0.183768	     0.980389 
153	Oxide	68227455	     0.333027	      11.3003	     -9.02582	      8.92081	     0.558544	     0.526289	     0.312112	     0.408891	     0.119524	     0.904722	   -0.0663676	    -0.984866	     0.160107	    -0.910167	     0.125511	     0.394771 
154	Oxide	68617926	     0.132771	     -6.41568	     -7.76831	      8.80831	     0.394361	     0.338936	     0.253364	     0.716783	     0.399308	     0.571643	    -0.452417	    -0.357505	     0.817012	    -0.530605	     0.844241	    0.0755991 
155	Oxide	69506403	    0.0895520	     -11.6046	      1.32196	      8.80657	     0.320638	     0.272341	     0.251917	     0.855261	    -0.327701	     0.401423	    -0.379194	     0.132202	     0.915824	     0.353185	     0.935486	    0.0111948 
156	Oxide	69517412	    0.0621736	      9.02072	      1.94440	      8.79893	     0.289503	     0.252269	     0.211330	    -0.730471	   -0.0805699	     0.678174	     0.183075	     0.933571	     0.308105	     0.657948	    -0.349218	     0.667197 
157	Oxide	70775222	    0.0636387	      15.3200	      10.9595	      8.88884	     0.481442	     0.202545	     0.185613	    -0.797861	     0.582150	     0.156584	    -0.282935	    -0.590971	     0.755447	     0.532320	     0.558439	     0.636224 
158	Oxide	70873711	    0.0233494	     -12.8109	     -6.53933	      8.89249	     0.179596	     0.178241	     0.178208	  0.000494295	  -0.00690060	     0.999976	     0.892060	     0.451909	   0.00267757	    -0.451917	     0.892037	   0.00637913 
159	Oxide	71082250	     0.110612	      7.20536	      6.76129	      9.08116	     0.452388	     0.279739	     0.218843	    -0.669914	     0.373528	     0.641632	     0.569266	    -0.296356	     0.766883	    -0.476605	    -0.879005	    0.0141035 
160	Oxide	72058363	     0.181576	     -8.61200	     -2.22748	      9.13667	     0.586872	     0.303185	     0.256856	     0.787868	    -0.593939	     0.162787	    -0.435881	    -0.351070	     0.828708	     0.435053	     0.723868	     0.535484 
161	Oxide	73187876	    0.0760001	      13.5391	     -1.57516	      9.24916	     0.328217	     0.277366	     0.204224	    0.0895718	    -0.822298	     0.561963	    -0.766291	     0.303525	     0.566277	     0.636219	     0.481350	     0.602933 
162	Oxide	73433087	    0.0681254	      7.63184	     -9.63330	      9.31221	     0.312795	     0.261017	     0.205731	     0.837130	     0.129165	     0.531536	    -0.546199	     0.250105	     0.799446	   -0.0296791	    -0.959564	     0.279920 
